 0.000000e+00  1.123431e+01  0.000000e+00  5.106274e-04  0.000000e+00  5.106274e-04 
 1.000000e-12  1.123431e+01  1.000000e-12  5.106274e-04  1.000000e-12  5.106274e-04 
 2.000000e-12  1.123431e+01  2.000000e-12  5.106274e-04  2.000000e-12  5.106274e-04 
 4.000000e-12  1.123431e+01  4.000000e-12  5.106274e-04  4.000000e-12  5.106274e-04 
 8.000000e-12  1.123431e+01  8.000000e-12  5.106274e-04  8.000000e-12  5.106274e-04 
 1.600000e-11  1.123431e+01  1.600000e-11  5.106274e-04  1.600000e-11  5.106274e-04 
 3.200000e-11  1.123431e+01  3.200000e-11  5.106274e-04  3.200000e-11  5.106274e-04 
 6.400000e-11  1.123431e+01  6.400000e-11  5.106274e-04  6.400000e-11  5.106274e-04 
 1.280000e-10  1.123431e+01  1.280000e-10  5.106274e-04  1.280000e-10  5.106274e-04 
 2.280000e-10  1.123431e+01  2.280000e-10  5.106274e-04  2.280000e-10  5.106274e-04 
 3.280000e-10  1.123431e+01  3.280000e-10  5.106274e-04  3.280000e-10  5.106274e-04 
 4.280000e-10  1.123431e+01  4.280000e-10  5.106274e-04  4.280000e-10  5.106274e-04 
 5.280000e-10  1.123431e+01  5.280000e-10  5.106274e-04  5.280000e-10  5.106274e-04 
 6.280000e-10  1.123431e+01  6.280000e-10  5.106274e-04  6.280000e-10  5.106274e-04 
 7.280000e-10  1.123431e+01  7.280000e-10  5.106274e-04  7.280000e-10  5.106274e-04 
 8.280000e-10  1.123431e+01  8.280000e-10  5.106274e-04  8.280000e-10  5.106274e-04 
 9.280000e-10  1.123431e+01  9.280000e-10  5.106274e-04  9.280000e-10  5.106274e-04 
 1.028000e-09  1.123431e+01  1.028000e-09  5.106274e-04  1.028000e-09  5.106274e-04 
 1.128000e-09  1.123431e+01  1.128000e-09  5.106274e-04  1.128000e-09  5.106274e-04 
 1.228000e-09  1.123431e+01  1.228000e-09  5.106274e-04  1.228000e-09  5.106274e-04 
 1.328000e-09  1.123431e+01  1.328000e-09  5.106274e-04  1.328000e-09  5.106274e-04 
 1.428000e-09  1.123431e+01  1.428000e-09  5.106274e-04  1.428000e-09  5.106274e-04 
 1.528000e-09  1.123431e+01  1.528000e-09  5.106274e-04  1.528000e-09  5.106274e-04 
 1.628000e-09  1.123431e+01  1.628000e-09  5.106274e-04  1.628000e-09  5.106274e-04 
 1.728000e-09  1.123431e+01  1.728000e-09  5.106274e-04  1.728000e-09  5.106274e-04 
 1.828000e-09  1.123431e+01  1.828000e-09  5.106274e-04  1.828000e-09  5.106274e-04 
 1.928000e-09  1.123431e+01  1.928000e-09  5.106274e-04  1.928000e-09  5.106274e-04 
 2.028000e-09  1.123431e+01  2.028000e-09  5.106274e-04  2.028000e-09  5.106274e-04 
 2.128000e-09  1.123431e+01  2.128000e-09  5.106274e-04  2.128000e-09  5.106274e-04 
 2.228000e-09  1.123431e+01  2.228000e-09  5.106274e-04  2.228000e-09  5.106274e-04 
 2.328000e-09  1.123431e+01  2.328000e-09  5.106274e-04  2.328000e-09  5.106274e-04 
 2.428000e-09  1.123431e+01  2.428000e-09  5.106274e-04  2.428000e-09  5.106274e-04 
 2.528000e-09  1.123431e+01  2.528000e-09  5.106274e-04  2.528000e-09  5.106274e-04 
 2.628000e-09  1.123431e+01  2.628000e-09  5.106274e-04  2.628000e-09  5.106274e-04 
 2.728000e-09  1.123431e+01  2.728000e-09  5.106274e-04  2.728000e-09  5.106274e-04 
 2.828000e-09  1.123431e+01  2.828000e-09  5.106274e-04  2.828000e-09  5.106274e-04 
 2.928000e-09  1.123431e+01  2.928000e-09  5.106274e-04  2.928000e-09  5.106274e-04 
 3.028000e-09  1.123431e+01  3.028000e-09  5.638837e-02  3.028000e-09  5.079795e+05 
 3.099152e-09  1.123431e+01  3.099152e-09  1.356398e-01  3.099152e-09  5.045931e+05 
 3.173086e-09  1.123431e+01  3.173086e-09  2.173945e-01  3.173086e-09  5.006612e+05 
 3.266889e-09  1.123431e+01  3.266889e-09  3.202533e-01  3.266889e-09  4.962015e+05 
 3.366889e-09  1.123431e+01  3.366889e-09  4.288509e-01  3.366889e-09  4.910496e+05 
 3.466889e-09  1.123431e+01  3.466889e-09  5.363678e-01  3.466889e-09  4.863780e+05 
 3.566889e-09  1.123431e+01  3.566889e-09  6.428149e-01  3.566889e-09  4.813240e+05 
 3.666889e-09  1.123431e+01  3.666889e-09  7.482028e-01  3.666889e-09  4.767491e+05 
 3.766889e-09  1.123431e+01  3.766889e-09  8.525421e-01  3.766889e-09  4.717911e+05 
 3.866889e-09  1.123431e+01  3.866889e-09  9.558431e-01  3.866889e-09  4.673108e+05 
 3.966889e-09  1.123431e+01  3.966889e-09  1.058116e+00  3.966889e-09  4.624469e+05 
 4.000000e-09  1.123431e+01  4.000000e-09  1.091755e+00  4.000000e-09  4.611328e+05 
 4.010000e-09  1.123431e+01  4.010000e-09  1.101888e+00  4.010000e-09  4.605649e+05 
 4.030000e-09  1.123431e+01  4.030000e-09  1.122132e+00  4.030000e-09  4.596445e+05 
 4.070000e-09  1.123431e+01  4.070000e-09  1.162500e+00  4.070000e-09  4.578098e+05 
 4.150000e-09  1.123431e+01  4.150000e-09  1.242753e+00  4.150000e-09  4.541617e+05 
 4.250000e-09  1.123431e+01  4.250000e-09  1.342172e+00  4.250000e-09  4.496429e+05 
 4.350000e-09  1.123431e+01  4.350000e-09  1.440601e+00  4.350000e-09  4.451687e+05 
 4.450000e-09  1.123431e+01  4.450000e-09  1.538050e+00  4.450000e-09  4.407394e+05 
 4.550000e-09  1.123431e+01  4.550000e-09  1.634530e+00  4.550000e-09  4.363537e+05 
 4.650000e-09  1.123431e+01  4.650000e-09  1.730050e+00  4.650000e-09  4.320121e+05 
 4.750000e-09  1.123431e+01  4.750000e-09  1.824620e+00  4.750000e-09  4.277133e+05 
 4.850000e-09  1.123431e+01  4.850000e-09  1.918248e+00  4.850000e-09  4.234577e+05 
 4.950000e-09  1.123431e+01  4.950000e-09  2.010945e+00  4.950000e-09  4.192440e+05 
 5.050000e-09  1.123431e+01  5.050000e-09  2.102719e+00  5.050000e-09  4.150726e+05 
 5.150000e-09  1.123431e+01  5.150000e-09  2.193580e+00  5.150000e-09  4.109423e+05 
 5.250000e-09  1.123431e+01  5.250000e-09  2.283537e+00  5.250000e-09  4.068536e+05 
 5.350000e-09  1.123431e+01  5.350000e-09  2.372599e+00  5.350000e-09  4.028051e+05 
 5.450000e-09  1.123431e+01  5.450000e-09  2.460775e+00  5.450000e-09  3.987973e+05 
 5.550000e-09  1.123431e+01  5.550000e-09  2.548074e+00  5.550000e-09  3.948290e+05 
 5.650000e-09  1.123431e+01  5.650000e-09  2.634503e+00  5.650000e-09  3.909006e+05 
 5.750000e-09  1.123431e+01  5.750000e-09  2.720073e+00  5.750000e-09  3.870109e+05 
 5.850000e-09  1.123431e+01  5.850000e-09  2.804791e+00  5.850000e-09  3.831603e+05 
 5.950000e-09  1.123431e+01  5.950000e-09  2.888667e+00  5.950000e-09  3.793475e+05 
 6.050000e-09  1.123431e+01  6.050000e-09  2.971707e+00  6.050000e-09  3.755732e+05 
 6.150000e-09  1.123431e+01  6.150000e-09  3.053922e+00  6.150000e-09  3.718359e+05 
 6.250000e-09  1.123431e+01  6.250000e-09  3.135318e+00  6.250000e-09  3.681363e+05 
 6.350000e-09  1.123431e+01  6.350000e-09  3.215904e+00  6.350000e-09  3.644731e+05 
 6.450000e-09  1.123431e+01  6.450000e-09  3.295689e+00  6.450000e-09  3.608467e+05 
 6.550000e-09  1.123431e+01  6.550000e-09  3.374679e+00  6.550000e-09  3.572560e+05 
 6.650000e-09  1.123431e+01  6.650000e-09  3.452884e+00  6.650000e-09  3.537015e+05 
 6.750000e-09  1.123431e+01  6.750000e-09  3.530311e+00  6.750000e-09  3.501819e+05 
 6.850000e-09  1.123431e+01  6.850000e-09  3.606967e+00  6.850000e-09  3.466978e+05 
 6.950000e-09  1.123431e+01  6.950000e-09  3.682860e+00  6.950000e-09  3.432479e+05 
 7.050000e-09  1.123432e+01  7.050000e-09  3.757998e+00  7.050000e-09  3.398327e+05 
 7.150000e-09  1.123432e+01  7.150000e-09  3.832388e+00  7.150000e-09  3.364511e+05 
 7.250000e-09  1.123432e+01  7.250000e-09  3.906039e+00  7.250000e-09  3.331036e+05 
 7.350000e-09  1.123432e+01  7.350000e-09  3.978956e+00  7.350000e-09  3.297890e+05 
 7.450000e-09  1.123432e+01  7.450000e-09  4.051148e+00  7.450000e-09  3.265077e+05 
 7.550000e-09  1.123432e+01  7.550000e-09  4.122621e+00  7.550000e-09  3.232587e+05 
 7.650000e-09  1.123432e+01  7.650000e-09  4.193384e+00  7.650000e-09  3.200425e+05 
 7.750000e-09  1.123432e+01  7.750000e-09  4.263442e+00  7.750000e-09  3.168578e+05 
 7.850000e-09  1.123432e+01  7.850000e-09  4.332803e+00  7.850000e-09  3.137052e+05 
 7.950000e-09  1.123432e+01  7.950000e-09  4.401474e+00  7.950000e-09  3.105836e+05 
 8.050000e-09  1.123432e+01  8.050000e-09  4.469461e+00  8.050000e-09  3.074935e+05 
 8.150000e-09  1.123432e+01  8.150000e-09  4.536772e+00  8.150000e-09  3.044337e+05 
 8.250000e-09  1.123432e+01  8.250000e-09  4.603414e+00  8.250000e-09  3.014048e+05 
 8.350000e-09  1.123432e+01  8.350000e-09  4.669392e+00  8.350000e-09  2.984055e+05 
 8.450000e-09  1.123432e+01  8.450000e-09  4.734713e+00  8.450000e-09  2.954366e+05 
 8.550000e-09  1.123432e+01  8.550000e-09  4.799385e+00  8.550000e-09  2.924968e+05 
 8.650000e-09  1.123432e+01  8.650000e-09  4.863413e+00  8.650000e-09  2.895866e+05 
 8.750000e-09  1.123432e+01  8.750000e-09  4.926804e+00  8.750000e-09  2.867050e+05 
 8.850000e-09  1.123432e+01  8.850000e-09  4.989565e+00  8.850000e-09  2.838525e+05 
 8.950000e-09  1.123432e+01  8.950000e-09  5.051700e+00  8.950000e-09  2.810279e+05 
 9.050000e-09  1.123432e+01  9.050000e-09  5.113218e+00  9.050000e-09  2.782319e+05 
 9.150000e-09  1.123432e+01  9.150000e-09  5.174123e+00  9.150000e-09  2.754632e+05 
 9.250000e-09  1.123432e+01  9.250000e-09  5.234423e+00  9.250000e-09  2.727225e+05 
 9.350000e-09  1.123432e+01  9.350000e-09  5.294122e+00  9.350000e-09  2.700087e+05 
 9.450000e-09  1.123432e+01  9.450000e-09  5.353227e+00  9.450000e-09  2.673223e+05 
 9.550000e-09  1.123432e+01  9.550000e-09  5.411745e+00  9.550000e-09  2.646623e+05 
 9.650000e-09  1.123432e+01  9.650000e-09  5.469680e+00  9.650000e-09  2.620291e+05 
 9.750000e-09  1.123432e+01  9.750000e-09  5.527038e+00  9.750000e-09  2.594217e+05 
 9.850000e-09  1.123432e+01  9.850000e-09  5.583826e+00  9.850000e-09  2.568406e+05 
 9.950000e-09  1.123432e+01  9.950000e-09  5.640048e+00  9.950000e-09  2.542848e+05 
 1.005000e-08  1.123432e+01  1.005000e-08  5.695712e+00  1.005000e-08  2.517549e+05 
 1.015000e-08  1.123432e+01  1.015000e-08  5.750821e+00  1.015000e-08  2.492497e+05 
 1.025000e-08  1.123432e+01  1.025000e-08  5.805382e+00  1.025000e-08  2.467699e+05 
 1.035000e-08  1.123432e+01  1.035000e-08  5.859400e+00  1.035000e-08  2.443143e+05 
 1.045000e-08  1.123432e+01  1.045000e-08  5.912881e+00  1.045000e-08  2.418836e+05 
 1.055000e-08  1.123432e+01  1.055000e-08  5.965829e+00  1.055000e-08  2.394767e+05 
 1.065000e-08  1.123432e+01  1.065000e-08  6.018251e+00  1.065000e-08  2.370941e+05 
 1.075000e-08  1.123432e+01  1.075000e-08  6.070150e+00  1.075000e-08  2.347348e+05 
 1.085000e-08  1.123432e+01  1.085000e-08  6.121534e+00  1.085000e-08  2.323994e+05 
 1.095000e-08  1.123432e+01  1.095000e-08  6.172406e+00  1.095000e-08  2.300868e+05 
 1.105000e-08  1.123432e+01  1.105000e-08  6.222772e+00  1.105000e-08  2.277976e+05 
 1.115000e-08  1.123432e+01  1.115000e-08  6.272637e+00  1.115000e-08  2.255309e+05 
 1.125000e-08  1.123432e+01  1.125000e-08  6.322006e+00  1.125000e-08  2.232870e+05 
 1.135000e-08  1.123432e+01  1.135000e-08  6.370883e+00  1.135000e-08  2.210651e+05 
 1.145000e-08  1.123432e+01  1.145000e-08  6.419274e+00  1.145000e-08  2.188658e+05 
 1.155000e-08  1.123432e+01  1.155000e-08  6.467184e+00  1.155000e-08  2.166878e+05 
 1.165000e-08  1.123432e+01  1.165000e-08  6.514617e+00  1.165000e-08  2.145320e+05 
 1.175000e-08  1.123432e+01  1.175000e-08  6.561578e+00  1.175000e-08  2.123972e+05 
 1.185000e-08  1.123432e+01  1.185000e-08  6.608071e+00  1.185000e-08  2.102841e+05 
 1.195000e-08  1.123432e+01  1.195000e-08  6.654102e+00  1.195000e-08  2.081916e+05 
 1.205000e-08  1.123432e+01  1.205000e-08  6.699675e+00  1.205000e-08  2.061203e+05 
 1.215000e-08  1.123432e+01  1.215000e-08  6.744795e+00  1.215000e-08  2.040692e+05 
 1.225000e-08  1.123432e+01  1.225000e-08  6.789465e+00  1.225000e-08  2.020389e+05 
 1.235000e-08  1.123432e+01  1.235000e-08  6.833691e+00  1.235000e-08  2.000285e+05 
 1.245000e-08  1.123432e+01  1.245000e-08  6.877477e+00  1.245000e-08  1.980384e+05 
 1.255000e-08  1.123432e+01  1.255000e-08  6.920827e+00  1.255000e-08  1.960677e+05 
 1.265000e-08  1.123432e+01  1.265000e-08  6.963746e+00  1.265000e-08  1.941171e+05 
 1.275000e-08  1.123432e+01  1.275000e-08  7.006238e+00  1.275000e-08  1.921854e+05 
 1.285000e-08  1.123432e+01  1.285000e-08  7.048307e+00  1.285000e-08  1.902734e+05 
 1.295000e-08  1.123432e+01  1.295000e-08  7.089958e+00  1.295000e-08  1.883800e+05 
 1.305000e-08  1.123432e+01  1.305000e-08  7.131193e+00  1.305000e-08  1.865059e+05 
 1.315000e-08  1.123432e+01  1.315000e-08  7.172019e+00  1.315000e-08  1.846499e+05 
 1.325000e-08  1.123432e+01  1.325000e-08  7.212439e+00  1.325000e-08  1.828129e+05 
 1.335000e-08  1.123432e+01  1.335000e-08  7.252456e+00  1.335000e-08  1.809937e+05 
 1.345000e-08  1.123432e+01  1.345000e-08  7.292075e+00  1.345000e-08  1.791931e+05 
 1.355000e-08  1.123432e+01  1.355000e-08  7.331300e+00  1.355000e-08  1.774099e+05 
 1.365000e-08  1.123432e+01  1.365000e-08  7.370134e+00  1.365000e-08  1.756449e+05 
 1.375000e-08  1.123432e+01  1.375000e-08  7.408582e+00  1.375000e-08  1.738971e+05 
 1.385000e-08  1.123432e+01  1.385000e-08  7.446648e+00  1.385000e-08  1.721671e+05 
 1.395000e-08  1.123432e+01  1.395000e-08  7.484335e+00  1.395000e-08  1.704538e+05 
 1.405000e-08  1.123432e+01  1.405000e-08  7.521646e+00  1.405000e-08  1.687580e+05 
 1.415000e-08  1.123432e+01  1.415000e-08  7.558587e+00  1.415000e-08  1.670787e+05 
 1.425000e-08  1.123432e+01  1.425000e-08  7.595160e+00  1.425000e-08  1.654165e+05 
 1.435000e-08  1.123432e+01  1.435000e-08  7.631369e+00  1.435000e-08  1.637705e+05 
 1.445000e-08  1.123432e+01  1.445000e-08  7.667218e+00  1.445000e-08  1.621412e+05 
 1.455000e-08  1.123432e+01  1.455000e-08  7.702710e+00  1.455000e-08  1.605277e+05 
 1.465000e-08  1.123432e+01  1.465000e-08  7.737848e+00  1.465000e-08  1.589307e+05 
 1.475000e-08  1.123432e+01  1.475000e-08  7.772638e+00  1.475000e-08  1.573492e+05 
 1.485000e-08  1.123432e+01  1.485000e-08  7.807081e+00  1.485000e-08  1.557838e+05 
 1.495000e-08  1.123432e+01  1.495000e-08  7.841181e+00  1.495000e-08  1.542336e+05 
 1.505000e-08  1.123432e+01  1.505000e-08  7.874942e+00  1.505000e-08  1.526992e+05 
 1.515000e-08  1.123432e+01  1.515000e-08  7.908367e+00  1.515000e-08  1.511797e+05 
 1.525000e-08  1.123432e+01  1.525000e-08  7.941460e+00  1.525000e-08  1.496757e+05 
 1.535000e-08  1.123432e+01  1.535000e-08  7.974223e+00  1.535000e-08  1.481863e+05 
 1.545000e-08  1.123432e+01  1.545000e-08  8.006660e+00  1.545000e-08  1.467121e+05 
 1.555000e-08  1.123432e+01  1.555000e-08  8.038774e+00  1.555000e-08  1.452521e+05 
 1.565000e-08  1.123432e+01  1.565000e-08  8.070569e+00  1.565000e-08  1.438071e+05 
 1.575000e-08  1.123432e+01  1.575000e-08  8.102048e+00  1.575000e-08  1.423761e+05 
 1.585000e-08  1.123432e+01  1.585000e-08  8.133213e+00  1.585000e-08  1.409597e+05 
 1.595000e-08  1.123432e+01  1.595000e-08  8.164068e+00  1.595000e-08  1.395570e+05 
 1.605000e-08  1.123432e+01  1.605000e-08  8.194616e+00  1.605000e-08  1.381686e+05 
 1.615000e-08  1.123432e+01  1.615000e-08  8.224860e+00  1.615000e-08  1.367937e+05 
 1.625000e-08  1.123432e+01  1.625000e-08  8.254804e+00  1.625000e-08  1.354328e+05 
 1.635000e-08  1.123432e+01  1.635000e-08  8.284449e+00  1.635000e-08  1.340851e+05 
 1.645000e-08  1.123432e+01  1.645000e-08  8.313799e+00  1.645000e-08  1.327512e+05 
 1.655000e-08  1.123432e+01  1.655000e-08  8.342857e+00  1.655000e-08  1.314302e+05 
 1.665000e-08  1.123432e+01  1.665000e-08  8.371627e+00  1.665000e-08  1.301227e+05 
 1.675000e-08  1.123432e+01  1.675000e-08  8.400109e+00  1.675000e-08  1.288279e+05 
 1.685000e-08  1.123432e+01  1.685000e-08  8.428309e+00  1.685000e-08  1.275463e+05 
 1.695000e-08  1.123432e+01  1.695000e-08  8.456228e+00  1.695000e-08  1.262770e+05 
 1.705000e-08  1.123432e+01  1.705000e-08  8.483869e+00  1.705000e-08  1.250208e+05 
 1.715000e-08  1.123433e+01  1.715000e-08  8.511235e+00  1.715000e-08  1.237767e+05 
 1.725000e-08  1.123433e+01  1.725000e-08  8.538328e+00  1.725000e-08  1.225454e+05 
 1.735000e-08  1.123433e+01  1.735000e-08  8.565153e+00  1.735000e-08  1.213259e+05 
 1.745000e-08  1.123433e+01  1.745000e-08  8.591710e+00  1.745000e-08  1.201190e+05 
 1.755000e-08  1.123433e+01  1.755000e-08  8.618003e+00  1.755000e-08  1.189237e+05 
 1.765000e-08  1.123433e+01  1.765000e-08  8.644034e+00  1.765000e-08  1.177406e+05 
 1.775000e-08  1.123433e+01  1.775000e-08  8.669806e+00  1.775000e-08  1.165690e+05 
 1.785000e-08  1.123433e+01  1.785000e-08  8.695322e+00  1.785000e-08  1.154094e+05 
 1.795000e-08  1.123433e+01  1.795000e-08  8.720584e+00  1.795000e-08  1.142609e+05 
 1.805000e-08  1.123433e+01  1.805000e-08  8.745595e+00  1.805000e-08  1.131243e+05 
 1.815000e-08  1.123433e+01  1.815000e-08  8.770356e+00  1.815000e-08  1.119985e+05 
 1.825000e-08  1.123433e+01  1.825000e-08  8.794872e+00  1.825000e-08  1.108844e+05 
 1.835000e-08  1.123433e+01  1.835000e-08  8.819143e+00  1.835000e-08  1.097810e+05 
 1.845000e-08  1.123433e+01  1.845000e-08  8.843173e+00  1.845000e-08  1.086889e+05 
 1.855000e-08  1.123433e+01  1.855000e-08  8.866964e+00  1.855000e-08  1.076073e+05 
 1.865000e-08  1.123433e+01  1.865000e-08  8.890518e+00  1.865000e-08  1.065369e+05 
 1.875000e-08  1.123433e+01  1.875000e-08  8.913837e+00  1.875000e-08  1.054767e+05 
 1.885000e-08  1.123433e+01  1.885000e-08  8.936925e+00  1.885000e-08  1.044275e+05 
 1.895000e-08  1.123433e+01  1.895000e-08  8.959783e+00  1.895000e-08  1.033883e+05 
 1.905000e-08  1.123433e+01  1.905000e-08  8.982413e+00  1.905000e-08  1.023598e+05 
 1.915000e-08  1.123433e+01  1.915000e-08  9.004819e+00  1.915000e-08  1.013412e+05 
 1.925000e-08  1.123433e+01  1.925000e-08  9.027001e+00  1.925000e-08  1.003331e+05 
 1.935000e-08  1.123433e+01  1.935000e-08  9.048963e+00  1.935000e-08  9.933469e+04 
 1.945000e-08  1.123433e+01  1.945000e-08  9.070706e+00  1.945000e-08  9.834657e+04 
 1.955000e-08  1.123433e+01  1.955000e-08  9.092232e+00  1.955000e-08  9.736789e+04 
 1.965000e-08  1.123433e+01  1.965000e-08  9.113545e+00  1.965000e-08  9.639935e+04 
 1.975000e-08  1.123433e+01  1.975000e-08  9.134645e+00  1.975000e-08  9.544004e+04 
 1.985000e-08  1.123433e+01  1.985000e-08  9.155536e+00  1.985000e-08  9.449068e+04 
 1.995000e-08  1.123433e+01  1.995000e-08  9.176219e+00  1.995000e-08  9.355037e+04 
 2.005000e-08  1.123433e+01  2.005000e-08  9.196695e+00  2.005000e-08  9.261981e+04 
 2.015000e-08  1.123433e+01  2.015000e-08  9.216968e+00  2.015000e-08  9.169811e+04 
 2.025000e-08  1.123433e+01  2.025000e-08  9.237040e+00  2.025000e-08  9.078598e+04 
 2.035000e-08  1.123433e+01  2.035000e-08  9.256911e+00  2.035000e-08  8.988253e+04 
 2.045000e-08  1.123433e+01  2.045000e-08  9.276585e+00  2.045000e-08  8.898847e+04 
 2.055000e-08  1.123433e+01  2.055000e-08  9.296064e+00  2.055000e-08  8.810290e+04 
 2.065000e-08  1.123433e+01  2.065000e-08  9.315348e+00  2.065000e-08  8.722655e+04 
 2.075000e-08  1.123433e+01  2.075000e-08  9.334440e+00  2.075000e-08  8.635852e+04 
 2.085000e-08  1.123433e+01  2.085000e-08  9.353343e+00  2.085000e-08  8.549952e+04 
 2.095000e-08  1.123433e+01  2.095000e-08  9.372057e+00  2.095000e-08  8.464867e+04 
 2.105000e-08  1.123433e+01  2.105000e-08  9.390585e+00  2.105000e-08  8.380669e+04 
 2.115000e-08  1.123433e+01  2.115000e-08  9.408929e+00  2.115000e-08  8.297269e+04 
 2.125000e-08  1.123433e+01  2.125000e-08  9.427090e+00  2.125000e-08  8.214738e+04 
 2.135000e-08  1.123433e+01  2.135000e-08  9.445071e+00  2.135000e-08  8.132989e+04 
 2.145000e-08  1.123433e+01  2.145000e-08  9.462873e+00  2.145000e-08  8.052093e+04 
 2.155000e-08  1.123433e+01  2.155000e-08  9.480497e+00  2.155000e-08  7.971962e+04 
 2.165000e-08  1.123433e+01  2.165000e-08  9.497946e+00  2.165000e-08  7.892669e+04 
 2.175000e-08  1.123433e+01  2.175000e-08  9.515222e+00  2.175000e-08  7.814124e+04 
 2.185000e-08  1.123433e+01  2.185000e-08  9.532325e+00  2.185000e-08  7.736401e+04 
 2.195000e-08  1.123433e+01  2.195000e-08  9.549259e+00  2.195000e-08  7.659412e+04 
 2.205000e-08  1.123433e+01  2.205000e-08  9.566024e+00  2.205000e-08  7.583228e+04 
 2.215000e-08  1.123433e+01  2.215000e-08  9.582622e+00  2.215000e-08  7.507763e+04 
 2.225000e-08  1.123433e+01  2.225000e-08  9.599055e+00  2.225000e-08  7.433088e+04 
 2.235000e-08  1.123433e+01  2.235000e-08  9.615324e+00  2.235000e-08  7.359117e+04 
 2.245000e-08  1.123433e+01  2.245000e-08  9.631432e+00  2.245000e-08  7.285921e+04 
 2.255000e-08  1.123433e+01  2.255000e-08  9.647379e+00  2.255000e-08  7.213414e+04 
 2.265000e-08  1.123433e+01  2.265000e-08  9.663168e+00  2.265000e-08  7.141668e+04 
 2.275000e-08  1.123433e+01  2.275000e-08  9.678799e+00  2.275000e-08  7.070597e+04 
 2.285000e-08  1.123433e+01  2.285000e-08  9.694275e+00  2.285000e-08  7.000272e+04 
 2.295000e-08  1.123433e+01  2.295000e-08  9.709597e+00  2.295000e-08  6.930607e+04 
 2.305000e-08  1.123433e+01  2.305000e-08  9.724767e+00  2.305000e-08  6.861675e+04 
 2.315000e-08  1.123433e+01  2.315000e-08  9.739785e+00  2.315000e-08  6.793390e+04 
 2.325000e-08  1.123433e+01  2.325000e-08  9.754655e+00  2.325000e-08  6.725823e+04 
 2.335000e-08  1.123433e+01  2.335000e-08  9.769376e+00  2.335000e-08  6.658890e+04 
 2.345000e-08  1.123433e+01  2.345000e-08  9.783950e+00  2.345000e-08  6.592662e+04 
 2.355000e-08  1.123433e+01  2.355000e-08  9.798380e+00  2.355000e-08  6.527053e+04 
 2.365000e-08  1.123433e+01  2.365000e-08  9.812666e+00  2.365000e-08  6.462137e+04 
 2.375000e-08  1.123433e+01  2.375000e-08  9.826810e+00  2.375000e-08  6.397827e+04 
 2.385000e-08  1.123433e+01  2.385000e-08  9.840813e+00  2.385000e-08  6.334196e+04 
 2.395000e-08  1.123433e+01  2.395000e-08  9.854677e+00  2.395000e-08  6.271160e+04 
 2.405000e-08  1.123433e+01  2.405000e-08  9.868403e+00  2.405000e-08  6.208790e+04 
 2.415000e-08  1.123433e+01  2.415000e-08  9.881993e+00  2.415000e-08  6.147001e+04 
 2.425000e-08  1.123434e+01  2.425000e-08  9.895447e+00  2.425000e-08  6.085866e+04 
 2.435000e-08  1.123434e+01  2.435000e-08  9.908767e+00  2.435000e-08  6.025300e+04 
 2.445000e-08  1.123434e+01  2.445000e-08  9.921955e+00  2.445000e-08  5.965377e+04 
 2.455000e-08  1.123434e+01  2.455000e-08  9.935011e+00  2.455000e-08  5.906010e+04 
 2.465000e-08  1.123434e+01  2.465000e-08  9.947938e+00  2.465000e-08  5.847273e+04 
 2.475000e-08  1.123434e+01  2.475000e-08  9.960736e+00  2.475000e-08  5.789082e+04 
 2.485000e-08  1.123434e+01  2.485000e-08  9.973406e+00  2.485000e-08  5.731508e+04 
 2.495000e-08  1.123434e+01  2.495000e-08  9.985951e+00  2.495000e-08  5.674469e+04 
 2.505000e-08  1.123434e+01  2.505000e-08  9.998371e+00  2.505000e-08  5.618036e+04 
 2.515000e-08  1.123434e+01  2.515000e-08  1.001067e+01  2.515000e-08  5.562125e+04 
 2.525000e-08  1.123434e+01  2.525000e-08  1.002284e+01  2.525000e-08  5.506810e+04 
 2.535000e-08  1.123434e+01  2.535000e-08  1.003489e+01  2.535000e-08  5.452007e+04 
 2.545000e-08  1.123434e+01  2.545000e-08  1.004683e+01  2.545000e-08  5.397787e+04 
 2.555000e-08  1.123434e+01  2.555000e-08  1.005864e+01  2.555000e-08  5.344069e+04 
 2.565000e-08  1.123434e+01  2.565000e-08  1.007034e+01  2.565000e-08  5.290923e+04 
 2.575000e-08  1.123434e+01  2.575000e-08  1.008192e+01  2.575000e-08  5.238268e+04 
 2.585000e-08  1.123434e+01  2.585000e-08  1.009338e+01  2.585000e-08  5.186175e+04 
 2.595000e-08  1.123434e+01  2.595000e-08  1.010473e+01  2.595000e-08  5.134562e+04 
 2.605000e-08  1.123434e+01  2.605000e-08  1.011597e+01  2.605000e-08  5.083501e+04 
 2.615000e-08  1.123434e+01  2.615000e-08  1.012710e+01  2.615000e-08  5.032910e+04 
 2.625000e-08  1.123434e+01  2.625000e-08  1.013811e+01  2.625000e-08  4.982861e+04 
 2.635000e-08  1.123434e+01  2.635000e-08  1.014902e+01  2.635000e-08  4.933271e+04 
 2.645000e-08  1.123434e+01  2.645000e-08  1.015981e+01  2.645000e-08  4.884213e+04 
 2.655000e-08  1.123434e+01  2.655000e-08  1.017050e+01  2.655000e-08  4.835605e+04 
 2.665000e-08  1.123434e+01  2.665000e-08  1.018109e+01  2.665000e-08  4.787519e+04 
 2.675000e-08  1.123434e+01  2.675000e-08  1.019156e+01  2.675000e-08  4.739872e+04 
 2.685000e-08  1.123434e+01  2.685000e-08  1.020194e+01  2.685000e-08  4.692739e+04 
 2.695000e-08  1.123434e+01  2.695000e-08  1.021221e+01  2.695000e-08  4.646036e+04 
 2.705000e-08  1.123434e+01  2.705000e-08  1.022238e+01  2.705000e-08  4.599836e+04 
 2.715000e-08  1.123434e+01  2.715000e-08  1.023244e+01  2.715000e-08  4.554057e+04 
 2.725000e-08  1.123434e+01  2.725000e-08  1.024241e+01  2.725000e-08  4.508773e+04 
 2.735000e-08  1.123434e+01  2.735000e-08  1.025228e+01  2.735000e-08  4.463900e+04 
 2.745000e-08  1.123434e+01  2.745000e-08  1.026205e+01  2.745000e-08  4.419513e+04 
 2.755000e-08  1.123434e+01  2.755000e-08  1.027172e+01  2.755000e-08  4.375529e+04 
 2.765000e-08  1.123434e+01  2.765000e-08  1.028130e+01  2.765000e-08  4.332021e+04 
 2.775000e-08  1.123434e+01  2.775000e-08  1.029078e+01  2.775000e-08  4.288907e+04 
 2.785000e-08  1.123434e+01  2.785000e-08  1.030017e+01  2.785000e-08  4.246261e+04 
 2.795000e-08  1.123434e+01  2.795000e-08  1.030946e+01  2.795000e-08  4.204000e+04 
 2.805000e-08  1.123434e+01  2.805000e-08  1.031866e+01  2.805000e-08  4.162199e+04 
 2.815000e-08  1.123434e+01  2.815000e-08  1.032777e+01  2.815000e-08  4.120775e+04 
 2.825000e-08  1.123434e+01  2.825000e-08  1.033679e+01  2.825000e-08  4.079802e+04 
 2.835000e-08  1.123434e+01  2.835000e-08  1.034572e+01  2.835000e-08  4.039198e+04 
 2.845000e-08  1.123434e+01  2.845000e-08  1.035456e+01  2.845000e-08  3.999036e+04 
 2.855000e-08  1.123434e+01  2.855000e-08  1.036331e+01  2.855000e-08  3.959236e+04 
 2.865000e-08  1.123434e+01  2.865000e-08  1.037197e+01  2.865000e-08  3.919870e+04 
 2.875000e-08  1.123434e+01  2.875000e-08  1.038055e+01  2.875000e-08  3.880858e+04 
 2.885000e-08  1.123434e+01  2.885000e-08  1.038904e+01  2.885000e-08  3.842272e+04 
 2.895000e-08  1.123434e+01  2.895000e-08  1.039745e+01  2.895000e-08  3.804031e+04 
 2.905000e-08  1.123434e+01  2.905000e-08  1.040578e+01  2.905000e-08  3.766210e+04 
 2.915000e-08  1.123434e+01  2.915000e-08  1.041402e+01  2.915000e-08  3.728726e+04 
 2.925000e-08  1.123434e+01  2.925000e-08  1.042218e+01  2.925000e-08  3.691654e+04 
 2.935000e-08  1.123434e+01  2.935000e-08  1.043026e+01  2.935000e-08  3.654912e+04 
 2.945000e-08  1.123434e+01  2.945000e-08  1.043826e+01  2.945000e-08  3.618575e+04 
 2.955000e-08  1.123434e+01  2.955000e-08  1.044618e+01  2.955000e-08  3.582560e+04 
 2.965000e-08  1.123434e+01  2.965000e-08  1.045402e+01  2.965000e-08  3.546942e+04 
 2.975000e-08  1.123434e+01  2.975000e-08  1.046178e+01  2.975000e-08  3.511641e+04 
 2.985000e-08  1.123434e+01  2.985000e-08  1.046947e+01  2.985000e-08  3.476729e+04 
 2.995000e-08  1.123434e+01  2.995000e-08  1.047707e+01  2.995000e-08  3.442125e+04 
 3.005000e-08  1.123434e+01  3.005000e-08  1.048461e+01  3.005000e-08  3.407905e+04 
 3.015000e-08  1.123434e+01  3.015000e-08  1.049206e+01  3.015000e-08  3.373987e+04 
 3.025000e-08  1.123434e+01  3.025000e-08  1.049945e+01  3.025000e-08  3.340444e+04 
 3.035000e-08  1.123434e+01  3.035000e-08  1.050676e+01  3.035000e-08  3.307197e+04 
 3.045000e-08  1.123434e+01  3.045000e-08  1.051400e+01  3.045000e-08  3.274320e+04 
 3.055000e-08  1.123434e+01  3.055000e-08  1.052116e+01  3.055000e-08  3.241731e+04 
 3.065000e-08  1.123434e+01  3.065000e-08  1.052826e+01  3.065000e-08  3.209504e+04 
 3.075000e-08  1.123435e+01  3.075000e-08  1.053528e+01  3.075000e-08  3.177560e+04 
 3.085000e-08  1.123435e+01  3.085000e-08  1.054223e+01  3.085000e-08  3.145972e+04 
 3.095000e-08  1.123435e+01  3.095000e-08  1.054912e+01  3.095000e-08  3.114660e+04 
 3.105000e-08  1.123435e+01  3.105000e-08  1.055593e+01  3.105000e-08  3.083698e+04 
 3.115000e-08  1.123435e+01  3.115000e-08  1.056268e+01  3.115000e-08  3.053006e+04 
 3.125000e-08  1.123435e+01  3.125000e-08  1.056936e+01  3.125000e-08  3.022658e+04 
 3.135000e-08  1.123435e+01  3.135000e-08  1.057598e+01  3.135000e-08  2.992573e+04 
 3.145000e-08  1.123435e+01  3.145000e-08  1.058253e+01  3.145000e-08  2.962826e+04 
 3.155000e-08  1.123435e+01  3.155000e-08  1.058901e+01  3.155000e-08  2.933336e+04 
 3.165000e-08  1.123435e+01  3.165000e-08  1.059543e+01  3.165000e-08  2.904178e+04 
 3.175000e-08  1.123435e+01  3.175000e-08  1.060178e+01  3.175000e-08  2.875273e+04 
 3.185000e-08  1.123435e+01  3.185000e-08  1.060808e+01  3.185000e-08  2.846693e+04 
 3.195000e-08  1.123435e+01  3.195000e-08  1.061431e+01  3.195000e-08  2.818359e+04 
 3.205000e-08  1.123435e+01  3.205000e-08  1.062047e+01  3.205000e-08  2.790345e+04 
 3.215000e-08  1.123435e+01  3.215000e-08  1.062658e+01  3.215000e-08  2.762572e+04 
 3.225000e-08  1.123435e+01  3.225000e-08  1.063262e+01  3.225000e-08  2.735113e+04 
 3.235000e-08  1.123435e+01  3.235000e-08  1.063861e+01  3.235000e-08  2.707890e+04 
 3.245000e-08  1.123435e+01  3.245000e-08  1.064454e+01  3.245000e-08  2.680975e+04 
 3.255000e-08  1.123435e+01  3.255000e-08  1.065040e+01  3.255000e-08  2.654290e+04 
 3.265000e-08  1.123435e+01  3.265000e-08  1.065621e+01  3.265000e-08  2.627909e+04 
 3.275000e-08  1.123435e+01  3.275000e-08  1.066196e+01  3.275000e-08  2.601752e+04 
 3.285000e-08  1.123435e+01  3.285000e-08  1.066765e+01  3.285000e-08  2.575894e+04 
 3.295000e-08  1.123435e+01  3.295000e-08  1.067329e+01  3.295000e-08  2.550255e+04 
 3.305000e-08  1.123435e+01  3.305000e-08  1.067887e+01  3.305000e-08  2.524909e+04 
 3.315000e-08  1.123435e+01  3.315000e-08  1.068440e+01  3.315000e-08  2.499777e+04 
 3.325000e-08  1.123435e+01  3.325000e-08  1.068987e+01  3.325000e-08  2.474933e+04 
 3.335000e-08  1.123435e+01  3.335000e-08  1.069528e+01  3.335000e-08  2.450299e+04 
 3.345000e-08  1.123435e+01  3.345000e-08  1.070064e+01  3.345000e-08  2.425947e+04 
 3.355000e-08  1.123435e+01  3.355000e-08  1.070595e+01  3.355000e-08  2.401800e+04 
 3.365000e-08  1.123435e+01  3.365000e-08  1.071121e+01  3.365000e-08  2.377931e+04 
 3.375000e-08  1.123435e+01  3.375000e-08  1.071641e+01  3.375000e-08  2.354262e+04 
 3.385000e-08  1.123435e+01  3.385000e-08  1.072156e+01  3.385000e-08  2.330866e+04 
 3.395000e-08  1.123435e+01  3.395000e-08  1.072666e+01  3.395000e-08  2.307665e+04 
 3.405000e-08  1.123435e+01  3.405000e-08  1.073171e+01  3.405000e-08  2.284733e+04 
 3.415000e-08  1.123435e+01  3.415000e-08  1.073671e+01  3.415000e-08  2.261991e+04 
 3.425000e-08  1.123435e+01  3.425000e-08  1.074166e+01  3.425000e-08  2.239513e+04 
 3.435000e-08  1.123435e+01  3.435000e-08  1.074656e+01  3.435000e-08  2.217221e+04 
 3.445000e-08  1.123435e+01  3.445000e-08  1.075141e+01  3.445000e-08  2.195189e+04 
 3.455000e-08  1.123435e+01  3.455000e-08  1.075621e+01  3.455000e-08  2.173338e+04 
 3.465000e-08  1.123435e+01  3.465000e-08  1.076097e+01  3.465000e-08  2.151742e+04 
 3.475000e-08  1.123435e+01  3.475000e-08  1.076568e+01  3.475000e-08  2.130324e+04 
 3.485000e-08  1.123435e+01  3.485000e-08  1.077034e+01  3.485000e-08  2.109156e+04 
 3.495000e-08  1.123435e+01  3.495000e-08  1.077495e+01  3.495000e-08  2.088161e+04 
 3.505000e-08  1.123435e+01  3.505000e-08  1.077952e+01  3.505000e-08  2.067413e+04 
 3.515000e-08  1.123435e+01  3.515000e-08  1.078405e+01  3.515000e-08  2.046834e+04 
 3.525000e-08  1.123435e+01  3.525000e-08  1.078853e+01  3.525000e-08  2.026497e+04 
 3.535000e-08  1.123435e+01  3.535000e-08  1.079296e+01  3.535000e-08  2.006325e+04 
 3.545000e-08  1.123435e+01  3.545000e-08  1.079735e+01  3.545000e-08  1.986391e+04 
 3.555000e-08  1.123435e+01  3.555000e-08  1.080169e+01  3.555000e-08  1.966618e+04 
 3.565000e-08  1.123435e+01  3.565000e-08  1.080600e+01  3.565000e-08  1.947079e+04 
 3.575000e-08  1.123435e+01  3.575000e-08  1.081026e+01  3.575000e-08  1.927697e+04 
 3.585000e-08  1.123435e+01  3.585000e-08  1.081448e+01  3.585000e-08  1.908545e+04 
 3.595000e-08  1.123435e+01  3.595000e-08  1.081865e+01  3.595000e-08  1.889547e+04 
 3.605000e-08  1.123435e+01  3.605000e-08  1.082279e+01  3.605000e-08  1.870775e+04 
 3.615000e-08  1.123435e+01  3.615000e-08  1.082688e+01  3.615000e-08  1.852152e+04 
 3.625000e-08  1.123435e+01  3.625000e-08  1.083093e+01  3.625000e-08  1.833752e+04 
 3.635000e-08  1.123435e+01  3.635000e-08  1.083494e+01  3.635000e-08  1.815498e+04 
 3.645000e-08  1.123435e+01  3.645000e-08  1.083891e+01  3.645000e-08  1.797463e+04 
 3.655000e-08  1.123435e+01  3.655000e-08  1.084285e+01  3.655000e-08  1.779570e+04 
 3.665000e-08  1.123435e+01  3.665000e-08  1.084674e+01  3.665000e-08  1.761892e+04 
 3.675000e-08  1.123435e+01  3.675000e-08  1.085060e+01  3.675000e-08  1.744353e+04 
 3.685000e-08  1.123436e+01  3.685000e-08  1.085441e+01  3.685000e-08  1.727026e+04 
 3.695000e-08  1.123436e+01  3.695000e-08  1.085819e+01  3.695000e-08  1.709834e+04 
 3.705000e-08  1.123436e+01  3.705000e-08  1.086193e+01  3.705000e-08  1.692850e+04 
 3.715000e-08  1.123436e+01  3.715000e-08  1.086563e+01  3.715000e-08  1.675998e+04 
 3.725000e-08  1.123436e+01  3.725000e-08  1.086930e+01  3.725000e-08  1.659351e+04 
 3.735000e-08  1.123436e+01  3.735000e-08  1.087293e+01  3.735000e-08  1.642832e+04 
 3.745000e-08  1.123436e+01  3.745000e-08  1.087652e+01  3.745000e-08  1.626515e+04 
 3.755000e-08  1.123436e+01  3.755000e-08  1.088008e+01  3.755000e-08  1.610323e+04 
 3.765000e-08  1.123436e+01  3.765000e-08  1.088361e+01  3.765000e-08  1.594329e+04 
 3.775000e-08  1.123436e+01  3.775000e-08  1.088709e+01  3.775000e-08  1.578457e+04 
 3.785000e-08  1.123436e+01  3.785000e-08  1.089055e+01  3.785000e-08  1.562781e+04 
 3.795000e-08  1.123436e+01  3.795000e-08  1.089397e+01  3.795000e-08  1.547223e+04 
 3.805000e-08  1.123436e+01  3.805000e-08  1.089735e+01  3.805000e-08  1.531857e+04 
 3.815000e-08  1.123436e+01  3.815000e-08  1.090070e+01  3.815000e-08  1.516607e+04 
 3.825000e-08  1.123436e+01  3.825000e-08  1.090402e+01  3.825000e-08  1.501546e+04 
 3.835000e-08  1.123436e+01  3.835000e-08  1.090730e+01  3.835000e-08  1.486597e+04 
 3.845000e-08  1.123436e+01  3.845000e-08  1.091056e+01  3.845000e-08  1.471835e+04 
 3.855000e-08  1.123436e+01  3.855000e-08  1.091378e+01  3.855000e-08  1.457182e+04 
 3.865000e-08  1.123436e+01  3.865000e-08  1.091696e+01  3.865000e-08  1.442712e+04 
 3.875000e-08  1.123436e+01  3.875000e-08  1.092012e+01  3.875000e-08  1.428349e+04 
 3.885000e-08  1.123436e+01  3.885000e-08  1.092324e+01  3.885000e-08  1.414166e+04 
 3.895000e-08  1.123436e+01  3.895000e-08  1.092634e+01  3.895000e-08  1.400087e+04 
 3.905000e-08  1.123436e+01  3.905000e-08  1.092940e+01  3.905000e-08  1.386185e+04 
 3.915000e-08  1.123436e+01  3.915000e-08  1.093243e+01  3.915000e-08  1.372385e+04 
 3.925000e-08  1.123436e+01  3.925000e-08  1.093543e+01  3.925000e-08  1.358758e+04 
 3.935000e-08  1.123436e+01  3.935000e-08  1.093841e+01  3.935000e-08  1.345231e+04 
 3.945000e-08  1.123436e+01  3.945000e-08  1.094135e+01  3.945000e-08  1.331875e+04 
 3.955000e-08  1.123436e+01  3.955000e-08  1.094426e+01  3.955000e-08  1.318615e+04 
 3.965000e-08  1.123436e+01  3.965000e-08  1.094715e+01  3.965000e-08  1.305523e+04 
 3.975000e-08  1.123436e+01  3.975000e-08  1.095000e+01  3.975000e-08  1.292526e+04 
 3.985000e-08  1.123436e+01  3.985000e-08  1.095283e+01  3.985000e-08  1.279694e+04 
 3.995000e-08  1.123436e+01  3.995000e-08  1.095563e+01  3.995000e-08  1.266953e+04 
 4.005000e-08  1.123436e+01  4.005000e-08  1.095840e+01  4.005000e-08  1.254376e+04 
 4.015000e-08  1.123436e+01  4.015000e-08  1.096114e+01  4.015000e-08  1.241887e+04 
 4.025000e-08  1.123436e+01  4.025000e-08  1.096386e+01  4.025000e-08  1.229559e+04 
 4.035000e-08  1.123436e+01  4.035000e-08  1.096655e+01  4.035000e-08  1.217317e+04 
 4.045000e-08  1.123436e+01  4.045000e-08  1.096921e+01  4.045000e-08  1.205234e+04 
 4.055000e-08  1.123436e+01  4.055000e-08  1.097185e+01  4.055000e-08  1.193234e+04 
 4.065000e-08  1.123436e+01  4.065000e-08  1.097446e+01  4.065000e-08  1.181391e+04 
 4.075000e-08  1.123436e+01  4.075000e-08  1.097704e+01  4.075000e-08  1.169628e+04 
 4.085000e-08  1.123436e+01  4.085000e-08  1.097960e+01  4.085000e-08  1.158019e+04 
 4.095000e-08  1.123436e+01  4.095000e-08  1.098213e+01  4.095000e-08  1.146489e+04 
 4.105000e-08  1.123436e+01  4.105000e-08  1.098464e+01  4.105000e-08  1.135111e+04 
 4.115000e-08  1.123436e+01  4.115000e-08  1.098712e+01  4.115000e-08  1.123809e+04 
 4.125000e-08  1.123436e+01  4.125000e-08  1.098958e+01  4.125000e-08  1.112656e+04 
 4.135000e-08  1.123436e+01  4.135000e-08  1.099201e+01  4.135000e-08  1.101577e+04 
 4.145000e-08  1.123436e+01  4.145000e-08  1.099442e+01  4.145000e-08  1.090645e+04 
 4.155000e-08  1.123436e+01  4.155000e-08  1.099681e+01  4.155000e-08  1.079786e+04 
 4.165000e-08  1.123436e+01  4.165000e-08  1.099917e+01  4.165000e-08  1.069071e+04 
 4.175000e-08  1.123436e+01  4.175000e-08  1.100151e+01  4.175000e-08  1.058426e+04 
 4.185000e-08  1.123436e+01  4.185000e-08  1.100382e+01  4.185000e-08  1.047924e+04 
 4.195000e-08  1.123436e+01  4.195000e-08  1.100611e+01  4.195000e-08  1.037489e+04 
 4.205000e-08  1.123436e+01  4.205000e-08  1.100838e+01  4.205000e-08  1.027195e+04 
 4.215000e-08  1.123436e+01  4.215000e-08  1.101063e+01  4.215000e-08  1.016967e+04 
 4.225000e-08  1.123436e+01  4.225000e-08  1.101285e+01  4.225000e-08  1.006877e+04 
 4.235000e-08  1.123436e+01  4.235000e-08  1.101505e+01  4.235000e-08  9.968512e+03 
 4.245000e-08  1.123436e+01  4.245000e-08  1.101723e+01  4.245000e-08  9.869616e+03 
 4.255000e-08  1.123436e+01  4.255000e-08  1.101939e+01  4.255000e-08  9.771337e+03 
 4.265000e-08  1.123436e+01  4.265000e-08  1.102153e+01  4.265000e-08  9.674402e+03 
 4.275000e-08  1.123436e+01  4.275000e-08  1.102365e+01  4.275000e-08  9.578067e+03 
 4.285000e-08  1.123436e+01  4.285000e-08  1.102574e+01  4.285000e-08  9.483055e+03 
 4.295000e-08  1.123437e+01  4.295000e-08  1.102781e+01  4.295000e-08  9.388624e+03 
 4.305000e-08  1.123437e+01  4.305000e-08  1.102987e+01  4.305000e-08  9.295496e+03 
 4.315000e-08  1.123437e+01  4.315000e-08  1.103190e+01  4.315000e-08  9.202931e+03 
 4.325000e-08  1.123437e+01  4.325000e-08  1.103391e+01  4.325000e-08  9.111652e+03 
 4.335000e-08  1.123437e+01  4.335000e-08  1.103590e+01  4.335000e-08  9.020916e+03 
 4.345000e-08  1.123437e+01  4.345000e-08  1.103788e+01  4.345000e-08  8.931448e+03 
 4.355000e-08  1.123437e+01  4.355000e-08  1.103983e+01  4.355000e-08  8.842506e+03 
 4.365000e-08  1.123437e+01  4.365000e-08  1.104176e+01  4.365000e-08  8.754812e+03 
 4.375000e-08  1.123437e+01  4.375000e-08  1.104368e+01  4.375000e-08  8.667628e+03 
 4.385000e-08  1.123437e+01  4.385000e-08  1.104557e+01  4.385000e-08  8.581674e+03 
 4.395000e-08  1.123437e+01  4.395000e-08  1.104745e+01  4.395000e-08  8.496213e+03 
 4.405000e-08  1.123437e+01  4.405000e-08  1.104931e+01  4.405000e-08  8.411965e+03 
 4.415000e-08  1.123437e+01  4.415000e-08  1.105114e+01  4.415000e-08  8.328192e+03 
 4.425000e-08  1.123437e+01  4.425000e-08  1.105297e+01  4.425000e-08  8.245616e+03 
 4.435000e-08  1.123437e+01  4.435000e-08  1.105477e+01  4.435000e-08  8.163499e+03 
 4.445000e-08  1.123437e+01  4.445000e-08  1.105655e+01  4.445000e-08  8.082561e+03 
 4.455000e-08  1.123437e+01  4.455000e-08  1.105832e+01  4.455000e-08  8.002067e+03 
 4.465000e-08  1.123437e+01  4.465000e-08  1.106007e+01  4.465000e-08  7.922735e+03 
 4.475000e-08  1.123437e+01  4.475000e-08  1.106180e+01  4.475000e-08  7.843831e+03 
 4.485000e-08  1.123437e+01  4.485000e-08  1.106352e+01  4.485000e-08  7.766074e+03 
 4.495000e-08  1.123437e+01  4.495000e-08  1.106521e+01  4.495000e-08  7.688729e+03 
 4.505000e-08  1.123437e+01  4.505000e-08  1.106690e+01  4.505000e-08  7.612515e+03 
 4.515000e-08  1.123437e+01  4.515000e-08  1.106856e+01  4.515000e-08  7.536698e+03 
 4.525000e-08  1.123437e+01  4.525000e-08  1.107021e+01  4.525000e-08  7.461997e+03 
 4.535000e-08  1.123437e+01  4.535000e-08  1.107184e+01  4.535000e-08  7.387678e+03 
 4.545000e-08  1.123437e+01  4.545000e-08  1.107345e+01  4.545000e-08  7.314459e+03 
 4.555000e-08  1.123437e+01  4.555000e-08  1.107505e+01  4.555000e-08  7.241608e+03 
 4.565000e-08  1.123437e+01  4.565000e-08  1.107664e+01  4.565000e-08  7.169843e+03 
 4.575000e-08  1.123437e+01  4.575000e-08  1.107820e+01  4.575000e-08  7.098431e+03 
 4.585000e-08  1.123437e+01  4.585000e-08  1.107975e+01  4.585000e-08  7.028090e+03 
 4.595000e-08  1.123437e+01  4.595000e-08  1.108129e+01  4.595000e-08  6.958089e+03 
 4.605000e-08  1.123437e+01  4.605000e-08  1.108281e+01  4.605000e-08  6.889145e+03 
 4.615000e-08  1.123437e+01  4.615000e-08  1.108432e+01  4.615000e-08  6.820526e+03 
 4.625000e-08  1.123437e+01  4.625000e-08  1.108581e+01  4.625000e-08  6.752951e+03 
 4.635000e-08  1.123437e+01  4.635000e-08  1.108728e+01  4.635000e-08  6.685688e+03 
 4.645000e-08  1.123437e+01  4.645000e-08  1.108875e+01  4.645000e-08  6.619453e+03 
 4.655000e-08  1.123437e+01  4.655000e-08  1.109019e+01  4.655000e-08  6.553519e+03 
 4.665000e-08  1.123437e+01  4.665000e-08  1.109162e+01  4.665000e-08  6.488600e+03 
 4.675000e-08  1.123437e+01  4.675000e-08  1.109304e+01  4.675000e-08  6.423967e+03 
 4.685000e-08  1.123437e+01  4.685000e-08  1.109445e+01  4.685000e-08  6.360337e+03 
 4.695000e-08  1.123437e+01  4.695000e-08  1.109584e+01  4.695000e-08  6.296981e+03 
 4.705000e-08  1.123437e+01  4.705000e-08  1.109721e+01  4.705000e-08  6.234614e+03 
 4.715000e-08  1.123437e+01  4.715000e-08  1.109857e+01  4.715000e-08  6.172510e+03 
 4.725000e-08  1.123437e+01  4.725000e-08  1.109992e+01  4.725000e-08  6.111381e+03 
 4.735000e-08  1.123437e+01  4.735000e-08  1.110126e+01  4.735000e-08  6.050503e+03 
 4.745000e-08  1.123437e+01  4.745000e-08  1.110258e+01  4.745000e-08  5.990588e+03 
 4.755000e-08  1.123437e+01  4.755000e-08  1.110389e+01  4.755000e-08  5.930912e+03 
 4.765000e-08  1.123437e+01  4.765000e-08  1.110519e+01  4.765000e-08  5.872187e+03 
 4.775000e-08  1.123437e+01  4.775000e-08  1.110647e+01  4.775000e-08  5.813689e+03 
 4.785000e-08  1.123437e+01  4.785000e-08  1.110774e+01  4.785000e-08  5.756131e+03 
 4.795000e-08  1.123437e+01  4.795000e-08  1.110900e+01  4.795000e-08  5.698788e+03 
 4.805000e-08  1.123437e+01  4.805000e-08  1.111024e+01  4.805000e-08  5.642373e+03 
 4.815000e-08  1.123437e+01  4.815000e-08  1.111148e+01  4.815000e-08  5.586162e+03 
 4.825000e-08  1.123437e+01  4.825000e-08  1.111270e+01  4.825000e-08  5.530867e+03 
 4.835000e-08  1.123437e+01  4.835000e-08  1.111391e+01  4.835000e-08  5.475766e+03 
 4.845000e-08  1.123437e+01  4.845000e-08  1.111510e+01  4.845000e-08  5.421569e+03 
 4.855000e-08  1.123437e+01  4.855000e-08  1.111629e+01  4.855000e-08  5.367556e+03 
 4.865000e-08  1.123437e+01  4.865000e-08  1.111746e+01  4.865000e-08  5.314436e+03 
 4.875000e-08  1.123437e+01  4.875000e-08  1.111862e+01  4.875000e-08  5.261489e+03 
 4.885000e-08  1.123438e+01  4.885000e-08  1.111977e+01  4.885000e-08  5.209424e+03 
 4.895000e-08  1.123438e+01  4.895000e-08  1.112091e+01  4.895000e-08  5.157522e+03 
 4.905000e-08  1.123438e+01  4.905000e-08  1.112203e+01  4.905000e-08  5.106492e+03 
 4.915000e-08  1.123438e+01  4.915000e-08  1.112315e+01  4.915000e-08  5.055614e+03 
 4.925000e-08  1.123438e+01  4.925000e-08  1.112425e+01  4.925000e-08  5.005597e+03 
 4.935000e-08  1.123438e+01  4.935000e-08  1.112535e+01  4.935000e-08  4.955724e+03 
 4.945000e-08  1.123438e+01  4.945000e-08  1.112643e+01  4.945000e-08  4.906701e+03 
 4.955000e-08  1.123438e+01  4.955000e-08  1.112750e+01  4.955000e-08  4.857811e+03 
 4.965000e-08  1.123438e+01  4.965000e-08  1.112856e+01  4.965000e-08  4.809763e+03 
 4.975000e-08  1.123438e+01  4.975000e-08  1.112961e+01  4.975000e-08  4.761838e+03 
 4.985000e-08  1.123438e+01  4.985000e-08  1.113065e+01  4.985000e-08  4.714745e+03 
 4.995000e-08  1.123438e+01  4.995000e-08  1.113168e+01  4.995000e-08  4.667765e+03 
 5.005000e-08  1.123438e+01  5.005000e-08  1.113270e+01  5.005000e-08  4.621608e+03 
 5.015000e-08  1.123438e+01  5.015000e-08  1.113371e+01  5.015000e-08  4.575555e+03 
 5.025000e-08  1.123438e+01  5.025000e-08  1.113471e+01  5.025000e-08  4.530315e+03 
 5.035000e-08  1.123438e+01  5.035000e-08  1.113570e+01  5.035000e-08  4.485171e+03 
 5.045000e-08  1.123438e+01  5.045000e-08  1.113668e+01  5.045000e-08  4.440831e+03 
 5.055000e-08  1.123438e+01  5.055000e-08  1.113765e+01  5.055000e-08  4.396577e+03 
 5.065000e-08  1.123438e+01  5.065000e-08  1.113861e+01  5.065000e-08  4.353118e+03 
 5.075000e-08  1.123438e+01  5.075000e-08  1.113956e+01  5.075000e-08  4.309737e+03 
 5.085000e-08  1.123438e+01  5.085000e-08  1.114050e+01  5.085000e-08  4.267142e+03 
 5.095000e-08  1.123438e+01  5.095000e-08  1.114144e+01  5.095000e-08  4.224617e+03 
 5.105000e-08  1.123438e+01  5.105000e-08  1.114236e+01  5.105000e-08  4.182868e+03 
 5.115000e-08  1.123438e+01  5.115000e-08  1.114327e+01  5.115000e-08  4.141182e+03 
 5.125000e-08  1.123438e+01  5.125000e-08  1.114418e+01  5.125000e-08  4.100264e+03 
 5.135000e-08  1.123438e+01  5.135000e-08  1.114507e+01  5.135000e-08  4.059400e+03 
 5.145000e-08  1.123438e+01  5.145000e-08  1.114596e+01  5.145000e-08  4.019295e+03 
 5.155000e-08  1.123438e+01  5.155000e-08  1.114683e+01  5.155000e-08  3.979237e+03 
 5.165000e-08  1.123438e+01  5.165000e-08  1.114770e+01  5.165000e-08  3.939929e+03 
 5.175000e-08  1.123438e+01  5.175000e-08  1.114856e+01  5.175000e-08  3.900661e+03 
 5.185000e-08  1.123438e+01  5.185000e-08  1.114942e+01  5.185000e-08  3.862135e+03 
 5.195000e-08  1.123438e+01  5.195000e-08  1.115026e+01  5.195000e-08  3.823641e+03 
 5.205000e-08  1.123438e+01  5.205000e-08  1.115109e+01  5.205000e-08  3.785881e+03 
 5.215000e-08  1.123438e+01  5.215000e-08  1.115192e+01  5.215000e-08  3.748146e+03 
 5.225000e-08  1.123438e+01  5.225000e-08  1.115274e+01  5.225000e-08  3.711138e+03 
 5.235000e-08  1.123438e+01  5.235000e-08  1.115355e+01  5.235000e-08  3.674147e+03 
 5.245000e-08  1.123438e+01  5.245000e-08  1.115435e+01  5.245000e-08  3.637874e+03 
 5.255000e-08  1.123438e+01  5.255000e-08  1.115514e+01  5.255000e-08  3.601612e+03 
 5.265000e-08  1.123438e+01  5.265000e-08  1.115593e+01  5.265000e-08  3.566062e+03 
 5.275000e-08  1.123438e+01  5.275000e-08  1.115671e+01  5.275000e-08  3.530514e+03 
 5.285000e-08  1.123438e+01  5.285000e-08  1.115748e+01  5.285000e-08  3.495671e+03 
 5.295000e-08  1.123438e+01  5.295000e-08  1.115824e+01  5.295000e-08  3.460824e+03 
 5.305000e-08  1.123438e+01  5.305000e-08  1.115900e+01  5.305000e-08  3.426674e+03 
 5.315000e-08  1.123438e+01  5.315000e-08  1.115975e+01  5.315000e-08  3.392514e+03 
 5.325000e-08  1.123438e+01  5.325000e-08  1.116049e+01  5.325000e-08  3.359043e+03 
 5.335000e-08  1.123438e+01  5.335000e-08  1.116122e+01  5.335000e-08  3.325556e+03 
 5.345000e-08  1.123438e+01  5.345000e-08  1.116194e+01  5.345000e-08  3.292752e+03 
 5.355000e-08  1.123438e+01  5.355000e-08  1.116266e+01  5.355000e-08  3.259925e+03 
 5.365000e-08  1.123438e+01  5.365000e-08  1.116337e+01  5.365000e-08  3.227773e+03 
 5.375000e-08  1.123438e+01  5.375000e-08  1.116408e+01  5.375000e-08  3.195593e+03 
 5.385000e-08  1.123438e+01  5.385000e-08  1.116478e+01  5.385000e-08  3.164081e+03 
 5.395000e-08  1.123438e+01  5.395000e-08  1.116547e+01  5.395000e-08  3.132535e+03 
 5.405000e-08  1.123438e+01  5.405000e-08  1.116615e+01  5.405000e-08  3.101651e+03 
 5.415000e-08  1.123438e+01  5.415000e-08  1.116683e+01  5.415000e-08  3.070725e+03 
 5.425000e-08  1.123438e+01  5.425000e-08  1.116750e+01  5.425000e-08  3.040456e+03 
 5.435000e-08  1.123438e+01  5.435000e-08  1.116816e+01  5.435000e-08  3.010140e+03 
 5.445000e-08  1.123438e+01  5.445000e-08  1.116882e+01  5.445000e-08  2.980473e+03 
 5.455000e-08  1.123438e+01  5.455000e-08  1.116947e+01  5.455000e-08  2.950754e+03 
 5.465000e-08  1.123438e+01  5.465000e-08  1.117011e+01  5.465000e-08  2.921678e+03 
 5.475000e-08  1.123439e+01  5.475000e-08  1.117075e+01  5.475000e-08  2.892544e+03 
 5.485000e-08  1.123439e+01  5.485000e-08  1.117138e+01  5.485000e-08  2.864048e+03 
 5.495000e-08  1.123439e+01  5.495000e-08  1.117200e+01  5.495000e-08  2.835487e+03 
 5.505000e-08  1.123439e+01  5.505000e-08  1.117262e+01  5.505000e-08  2.807558e+03 
 5.515000e-08  1.123439e+01  5.515000e-08  1.117323e+01  5.515000e-08  2.779560e+03 
 5.525000e-08  1.123439e+01  5.525000e-08  1.117384e+01  5.525000e-08  2.752187e+03 
 5.535000e-08  1.123439e+01  5.535000e-08  1.117444e+01  5.535000e-08  2.724740e+03 
 5.545000e-08  1.123439e+01  5.545000e-08  1.117503e+01  5.545000e-08  2.697913e+03 
 5.555000e-08  1.123439e+01  5.555000e-08  1.117562e+01  5.555000e-08  2.671006e+03 
 5.565000e-08  1.123439e+01  5.565000e-08  1.117620e+01  5.565000e-08  2.644713e+03 
 5.575000e-08  1.123439e+01  5.575000e-08  1.117678e+01  5.575000e-08  2.618335e+03 
 5.585000e-08  1.123439e+01  5.585000e-08  1.117735e+01  5.585000e-08  2.592567e+03 
 5.595000e-08  1.123439e+01  5.595000e-08  1.117792e+01  5.595000e-08  2.566708e+03 
 5.605000e-08  1.123439e+01  5.605000e-08  1.117848e+01  5.605000e-08  2.541453e+03 
 5.615000e-08  1.123439e+01  5.615000e-08  1.117903e+01  5.615000e-08  2.516103e+03 
 5.625000e-08  1.123439e+01  5.625000e-08  1.117958e+01  5.625000e-08  2.491351e+03 
 5.635000e-08  1.123439e+01  5.635000e-08  1.118012e+01  5.635000e-08  2.466500e+03 
 5.645000e-08  1.123439e+01  5.645000e-08  1.118066e+01  5.645000e-08  2.442242e+03 
 5.655000e-08  1.123439e+01  5.655000e-08  1.118119e+01  5.655000e-08  2.417880e+03 
 5.665000e-08  1.123439e+01  5.665000e-08  1.118172e+01  5.665000e-08  2.394105e+03 
 5.675000e-08  1.123439e+01  5.675000e-08  1.118224e+01  5.675000e-08  2.370222e+03 
 5.685000e-08  1.123439e+01  5.685000e-08  1.118276e+01  5.685000e-08  2.346921e+03 
 5.695000e-08  1.123439e+01  5.695000e-08  1.118327e+01  5.695000e-08  2.323508e+03 
 5.705000e-08  1.123439e+01  5.705000e-08  1.118378e+01  5.705000e-08  2.300672e+03 
 5.715000e-08  1.123439e+01  5.715000e-08  1.118428e+01  5.715000e-08  2.277719e+03 
 5.725000e-08  1.123439e+01  5.725000e-08  1.118477e+01  5.725000e-08  2.255338e+03 
 5.735000e-08  1.123439e+01  5.735000e-08  1.118527e+01  5.735000e-08  2.232836e+03 
 5.745000e-08  1.123439e+01  5.745000e-08  1.118575e+01  5.745000e-08  2.210902e+03 
 5.755000e-08  1.123439e+01  5.755000e-08  1.118623e+01  5.755000e-08  2.188843e+03 
 5.765000e-08  1.123439e+01  5.765000e-08  1.118671e+01  5.765000e-08  2.167346e+03 
 5.775000e-08  1.123439e+01  5.775000e-08  1.118718e+01  5.775000e-08  2.145720e+03 
 5.785000e-08  1.123439e+01  5.785000e-08  1.118765e+01  5.785000e-08  2.124653e+03 
 5.795000e-08  1.123439e+01  5.795000e-08  1.118811e+01  5.795000e-08  2.103452e+03 
 5.805000e-08  1.123439e+01  5.805000e-08  1.118857e+01  5.805000e-08  2.082805e+03 
 5.815000e-08  1.123439e+01  5.815000e-08  1.118902e+01  5.815000e-08  2.062020e+03 
 5.825000e-08  1.123439e+01  5.825000e-08  1.118947e+01  5.825000e-08  2.041785e+03 
 5.835000e-08  1.123439e+01  5.835000e-08  1.118992e+01  5.835000e-08  2.021409e+03 
 5.845000e-08  1.123439e+01  5.845000e-08  1.119036e+01  5.845000e-08  2.001578e+03 
 5.855000e-08  1.123439e+01  5.855000e-08  1.119079e+01  5.855000e-08  1.981602e+03 
 5.865000e-08  1.123439e+01  5.865000e-08  1.119123e+01  5.865000e-08  1.962167e+03 
 5.875000e-08  1.123439e+01  5.875000e-08  1.119165e+01  5.875000e-08  1.942583e+03 
 5.885000e-08  1.123439e+01  5.885000e-08  1.119208e+01  5.885000e-08  1.923536e+03 
 5.895000e-08  1.123439e+01  5.895000e-08  1.119249e+01  5.895000e-08  1.904337e+03 
 5.905000e-08  1.123439e+01  5.905000e-08  1.119291e+01  5.905000e-08  1.885671e+03 
 5.915000e-08  1.123439e+01  5.915000e-08  1.119332e+01  5.915000e-08  1.866848e+03 
 5.925000e-08  1.123439e+01  5.925000e-08  1.119373e+01  5.925000e-08  1.848555e+03 
 5.935000e-08  1.123439e+01  5.935000e-08  1.119413e+01  5.935000e-08  1.830102e+03 
 5.945000e-08  1.123439e+01  5.945000e-08  1.119453e+01  5.945000e-08  1.812174e+03 
 5.955000e-08  1.123439e+01  5.955000e-08  1.119492e+01  5.955000e-08  1.794083e+03 
 5.965000e-08  1.123439e+01  5.965000e-08  1.119531e+01  5.965000e-08  1.776514e+03 
 5.975000e-08  1.123439e+01  5.975000e-08  1.119570e+01  5.975000e-08  1.758778e+03 
 5.985000e-08  1.123439e+01  5.985000e-08  1.119608e+01  5.985000e-08  1.741559e+03 
 5.995000e-08  1.123439e+01  5.995000e-08  1.119646e+01  5.995000e-08  1.724172e+03 
 6.005000e-08  1.123439e+01  6.005000e-08  1.119684e+01  6.005000e-08  1.707297e+03 
 6.015000e-08  1.123439e+01  6.015000e-08  1.119721e+01  6.015000e-08  1.690250e+03 
 6.025000e-08  1.123439e+01  6.025000e-08  1.119757e+01  6.025000e-08  1.673714e+03 
 6.035000e-08  1.123439e+01  6.035000e-08  1.119794e+01  6.035000e-08  1.657001e+03 
 6.045000e-08  1.123439e+01  6.045000e-08  1.119830e+01  6.045000e-08  1.640795e+03 
 6.055000e-08  1.123439e+01  6.055000e-08  1.119866e+01  6.055000e-08  1.624410e+03 
 6.065000e-08  1.123440e+01  6.065000e-08  1.119901e+01  6.065000e-08  1.608528e+03 
 6.075000e-08  1.123440e+01  6.075000e-08  1.119936e+01  6.075000e-08  1.592464e+03 
 6.085000e-08  1.123440e+01  6.085000e-08  1.119971e+01  6.085000e-08  1.576900e+03 
 6.095000e-08  1.123440e+01  6.095000e-08  1.120005e+01  6.095000e-08  1.561151e+03 
 6.105000e-08  1.123440e+01  6.105000e-08  1.120039e+01  6.105000e-08  1.545899e+03 
 6.115000e-08  1.123440e+01  6.115000e-08  1.120072e+01  6.115000e-08  1.530459e+03 
 6.125000e-08  1.123440e+01  6.125000e-08  1.120106e+01  6.125000e-08  1.515511e+03 
 6.135000e-08  1.123440e+01  6.135000e-08  1.120139e+01  6.135000e-08  1.500373e+03 
 6.145000e-08  1.123440e+01  6.145000e-08  1.120171e+01  6.145000e-08  1.485725e+03 
 6.155000e-08  1.123440e+01  6.155000e-08  1.120204e+01  6.155000e-08  1.470884e+03 
 6.165000e-08  1.123440e+01  6.165000e-08  1.120235e+01  6.165000e-08  1.456529e+03 
 6.175000e-08  1.123440e+01  6.175000e-08  1.120267e+01  6.175000e-08  1.441978e+03 
 6.185000e-08  1.123440e+01  6.185000e-08  1.120298e+01  6.185000e-08  1.427911e+03 
 6.195000e-08  1.123440e+01  6.195000e-08  1.120330e+01  6.195000e-08  1.413645e+03 
 6.205000e-08  1.123440e+01  6.205000e-08  1.120360e+01  6.205000e-08  1.399860e+03 
 6.215000e-08  1.123440e+01  6.215000e-08  1.120391e+01  6.215000e-08  1.385873e+03 
 6.225000e-08  1.123440e+01  6.225000e-08  1.120421e+01  6.225000e-08  1.372364e+03 
 6.235000e-08  1.123440e+01  6.235000e-08  1.120451e+01  6.235000e-08  1.358651e+03 
 6.245000e-08  1.123440e+01  6.245000e-08  1.120480e+01  6.245000e-08  1.345412e+03 
 6.255000e-08  1.123440e+01  6.255000e-08  1.120509e+01  6.255000e-08  1.331968e+03 
 6.265000e-08  1.123440e+01  6.265000e-08  1.120538e+01  6.265000e-08  1.318995e+03 
 6.275000e-08  1.123440e+01  6.275000e-08  1.120567e+01  6.275000e-08  1.305813e+03 
 6.285000e-08  1.123440e+01  6.285000e-08  1.120595e+01  6.285000e-08  1.293100e+03 
 6.295000e-08  1.123440e+01  6.295000e-08  1.120623e+01  6.295000e-08  1.280177e+03 
 6.305000e-08  1.123440e+01  6.305000e-08  1.120651e+01  6.305000e-08  1.267718e+03 
 6.315000e-08  1.123440e+01  6.315000e-08  1.120679e+01  6.315000e-08  1.255048e+03 
 6.325000e-08  1.123440e+01  6.325000e-08  1.120706e+01  6.325000e-08  1.242839e+03 
 6.335000e-08  1.123440e+01  6.335000e-08  1.120733e+01  6.335000e-08  1.230416e+03 
 6.345000e-08  1.123440e+01  6.345000e-08  1.120760e+01  6.345000e-08  1.218453e+03 
 6.355000e-08  1.123440e+01  6.355000e-08  1.120786e+01  6.355000e-08  1.206272e+03 
 6.365000e-08  1.123440e+01  6.365000e-08  1.120812e+01  6.365000e-08  1.194549e+03 
 6.375000e-08  1.123440e+01  6.375000e-08  1.120838e+01  6.375000e-08  1.182607e+03 
 6.385000e-08  1.123440e+01  6.385000e-08  1.120864e+01  6.385000e-08  1.171119e+03 
 6.395000e-08  1.123440e+01  6.395000e-08  1.120889e+01  6.395000e-08  1.159410e+03 
 6.405000e-08  1.123440e+01  6.405000e-08  1.120914e+01  6.405000e-08  1.148152e+03 
 6.415000e-08  1.123440e+01  6.415000e-08  1.120939e+01  6.415000e-08  1.136672e+03 
 6.425000e-08  1.123440e+01  6.425000e-08  1.120964e+01  6.425000e-08  1.125641e+03 
 6.435000e-08  1.123440e+01  6.435000e-08  1.120988e+01  6.435000e-08  1.114385e+03 
 6.445000e-08  1.123440e+01  6.445000e-08  1.121012e+01  6.445000e-08  1.103575e+03 
 6.455000e-08  1.123440e+01  6.455000e-08  1.121036e+01  6.455000e-08  1.092538e+03 
 6.465000e-08  1.123440e+01  6.465000e-08  1.121060e+01  6.465000e-08  1.081946e+03 
 6.475000e-08  1.123440e+01  6.475000e-08  1.121084e+01  6.475000e-08  1.071125e+03 
 6.485000e-08  1.123440e+01  6.485000e-08  1.121107e+01  6.485000e-08  1.060745e+03 
 6.495000e-08  1.123440e+01  6.495000e-08  1.121130e+01  6.495000e-08  1.050135e+03 
 6.505000e-08  1.123440e+01  6.505000e-08  1.121153e+01  6.505000e-08  1.039965e+03 
 6.515000e-08  1.123440e+01  6.515000e-08  1.121175e+01  6.515000e-08  1.029562e+03 
 6.525000e-08  1.123440e+01  6.525000e-08  1.121197e+01  6.525000e-08  1.019595e+03 
 6.535000e-08  1.123440e+01  6.535000e-08  1.121219e+01  6.535000e-08  1.009395e+03 
 6.545000e-08  1.123440e+01  6.545000e-08  1.121241e+01  6.545000e-08  9.996296e+02 
 6.555000e-08  1.123440e+01  6.555000e-08  1.121263e+01  6.555000e-08  9.896281e+02 
 6.565000e-08  1.123440e+01  6.565000e-08  1.121284e+01  6.565000e-08  9.800591e+02 
 6.575000e-08  1.123440e+01  6.575000e-08  1.121306e+01  6.575000e-08  9.702524e+02 
 6.585000e-08  1.123440e+01  6.585000e-08  1.121327e+01  6.585000e-08  9.608760e+02 
 6.595000e-08  1.123440e+01  6.595000e-08  1.121347e+01  6.595000e-08  9.512604e+02 
 6.605000e-08  1.123440e+01  6.605000e-08  1.121368e+01  6.605000e-08  9.420729e+02 
 6.615000e-08  1.123440e+01  6.615000e-08  1.121388e+01  6.615000e-08  9.326445e+02 
 6.625000e-08  1.123440e+01  6.625000e-08  1.121409e+01  6.625000e-08  9.236421e+02 
 6.635000e-08  1.123440e+01  6.635000e-08  1.121429e+01  6.635000e-08  9.143972e+02 
 6.645000e-08  1.123440e+01  6.645000e-08  1.121448e+01  6.645000e-08  9.055762e+02 
 6.655000e-08  1.123441e+01  6.655000e-08  1.121468e+01  6.655000e-08  8.965113e+02 
 6.665000e-08  1.123441e+01  6.665000e-08  1.121487e+01  6.665000e-08  8.878681e+02 
 6.675000e-08  1.123441e+01  6.675000e-08  1.121507e+01  6.675000e-08  8.789795e+02 
 6.685000e-08  1.123441e+01  6.685000e-08  1.121526e+01  6.685000e-08  8.705107e+02 
 6.695000e-08  1.123441e+01  6.695000e-08  1.121544e+01  6.695000e-08  8.617949e+02 
 6.705000e-08  1.123441e+01  6.705000e-08  1.121563e+01  6.705000e-08  8.534969e+02 
 6.715000e-08  1.123441e+01  6.715000e-08  1.121582e+01  6.715000e-08  8.449506e+02 
 6.725000e-08  1.123441e+01  6.725000e-08  1.121600e+01  6.725000e-08  8.368201e+02 
 6.735000e-08  1.123441e+01  6.735000e-08  1.121618e+01  6.735000e-08  8.284398e+02 
 6.745000e-08  1.123441e+01  6.745000e-08  1.121636e+01  6.745000e-08  8.204735e+02 
 6.755000e-08  1.123441e+01  6.755000e-08  1.121654e+01  6.755000e-08  8.122560e+02 
 6.765000e-08  1.123441e+01  6.765000e-08  1.121671e+01  6.765000e-08  8.044506e+02 
 6.775000e-08  1.123441e+01  6.775000e-08  1.121688e+01  6.775000e-08  7.963927e+02 
 6.785000e-08  1.123441e+01  6.785000e-08  1.121706e+01  6.785000e-08  7.887449e+02 
 6.795000e-08  1.123441e+01  6.795000e-08  1.121723e+01  6.795000e-08  7.808434e+02 
 6.805000e-08  1.123441e+01  6.805000e-08  1.121740e+01  6.805000e-08  7.733503e+02 
 6.815000e-08  1.123441e+01  6.815000e-08  1.121756e+01  6.815000e-08  7.656021e+02 
 6.825000e-08  1.123441e+01  6.825000e-08  1.121773e+01  6.825000e-08  7.582605e+02 
 6.835000e-08  1.123441e+01  6.835000e-08  1.121789e+01  6.835000e-08  7.506626e+02 
 6.845000e-08  1.123441e+01  6.845000e-08  1.121805e+01  6.845000e-08  7.434695e+02 
 6.855000e-08  1.123441e+01  6.855000e-08  1.121821e+01  6.855000e-08  7.360189e+02 
 6.865000e-08  1.123441e+01  6.865000e-08  1.121837e+01  6.865000e-08  7.289714e+02 
 6.875000e-08  1.123441e+01  6.875000e-08  1.121853e+01  6.875000e-08  7.216652e+02 
 6.885000e-08  1.123441e+01  6.885000e-08  1.121869e+01  6.885000e-08  7.147604e+02 
 6.895000e-08  1.123441e+01  6.895000e-08  1.121884e+01  6.895000e-08  7.075958e+02 
 6.905000e-08  1.123441e+01  6.905000e-08  1.121899e+01  6.905000e-08  7.008308e+02 
 6.915000e-08  1.123441e+01  6.915000e-08  1.121914e+01  6.915000e-08  6.938049e+02 
 6.925000e-08  1.123441e+01  6.925000e-08  1.121929e+01  6.925000e-08  6.871771e+02 
 6.935000e-08  1.123441e+01  6.935000e-08  1.121944e+01  6.935000e-08  6.802871e+02 
 6.945000e-08  1.123441e+01  6.945000e-08  1.121959e+01  6.945000e-08  6.737937e+02 
 6.955000e-08  1.123441e+01  6.955000e-08  1.121973e+01  6.955000e-08  6.670370e+02 
 6.965000e-08  1.123441e+01  6.965000e-08  1.121988e+01  6.965000e-08  6.606753e+02 
 6.975000e-08  1.123441e+01  6.975000e-08  1.122002e+01  6.975000e-08  6.540493e+02 
 6.985000e-08  1.123441e+01  6.985000e-08  1.122016e+01  6.985000e-08  6.478166e+02 
 6.995000e-08  1.123441e+01  6.995000e-08  1.122030e+01  6.995000e-08  6.413188e+02 
 7.005000e-08  1.123441e+01  7.005000e-08  1.122044e+01  7.005000e-08  6.352127e+02 
 7.015000e-08  1.123441e+01  7.015000e-08  1.122057e+01  7.015000e-08  6.288403e+02 
 7.025000e-08  1.123441e+01  7.025000e-08  1.122071e+01  7.025000e-08  6.228582e+02 
 7.035000e-08  1.123441e+01  7.035000e-08  1.122084e+01  7.035000e-08  6.166090e+02 
 7.045000e-08  1.123441e+01  7.045000e-08  1.122098e+01  7.045000e-08  6.107485e+02 
 7.055000e-08  1.123441e+01  7.055000e-08  1.122111e+01  7.055000e-08  6.046198e+02 
 7.065000e-08  1.123441e+01  7.065000e-08  1.122124e+01  7.065000e-08  5.988785e+02 
 7.075000e-08  1.123441e+01  7.075000e-08  1.122137e+01  7.075000e-08  5.928681e+02 
 7.085000e-08  1.123441e+01  7.085000e-08  1.122149e+01  7.085000e-08  5.872436e+02 
 7.095000e-08  1.123441e+01  7.095000e-08  1.122162e+01  7.095000e-08  5.813491e+02 
 7.105000e-08  1.123441e+01  7.105000e-08  1.122175e+01  7.105000e-08  5.758390e+02 
 7.115000e-08  1.123441e+01  7.115000e-08  1.122187e+01  7.115000e-08  5.700581e+02 
 7.125000e-08  1.123441e+01  7.125000e-08  1.122199e+01  7.125000e-08  5.646603e+02 
 7.135000e-08  1.123441e+01  7.135000e-08  1.122211e+01  7.135000e-08  5.589908e+02 
 7.145000e-08  1.123441e+01  7.145000e-08  1.122223e+01  7.145000e-08  5.537030e+02 
 7.155000e-08  1.123441e+01  7.155000e-08  1.122235e+01  7.155000e-08  5.481426e+02 
 7.165000e-08  1.123441e+01  7.165000e-08  1.122247e+01  7.165000e-08  5.429626e+02 
 7.175000e-08  1.123441e+01  7.175000e-08  1.122259e+01  7.175000e-08  5.375092e+02 
 7.185000e-08  1.123441e+01  7.185000e-08  1.122270e+01  7.185000e-08  5.324349e+02 
 7.195000e-08  1.123441e+01  7.195000e-08  1.122282e+01  7.195000e-08  5.270864e+02 
 7.205000e-08  1.123441e+01  7.205000e-08  1.122293e+01  7.205000e-08  5.221157e+02 
 7.215000e-08  1.123441e+01  7.215000e-08  1.122304e+01  7.215000e-08  5.168700e+02 
 7.225000e-08  1.123441e+01  7.225000e-08  1.122315e+01  7.225000e-08  5.120008e+02 
 7.235000e-08  1.123441e+01  7.235000e-08  1.122326e+01  7.235000e-08  5.068559e+02 
 7.245000e-08  1.123442e+01  7.245000e-08  1.122337e+01  7.245000e-08  5.020862e+02 
 7.255000e-08  1.123442e+01  7.255000e-08  1.122348e+01  7.255000e-08  4.970401e+02 
 7.265000e-08  1.123442e+01  7.265000e-08  1.122359e+01  7.265000e-08  4.923679e+02 
 7.275000e-08  1.123442e+01  7.275000e-08  1.122369e+01  7.275000e-08  4.874187e+02 
 7.285000e-08  1.123442e+01  7.285000e-08  1.122379e+01  7.285000e-08  4.828421e+02 
 7.295000e-08  1.123442e+01  7.295000e-08  1.122390e+01  7.295000e-08  4.779877e+02 
 7.305000e-08  1.123442e+01  7.305000e-08  1.122400e+01  7.305000e-08  4.735049e+02 
 7.315000e-08  1.123442e+01  7.315000e-08  1.122410e+01  7.315000e-08  4.687436e+02 
 7.325000e-08  1.123442e+01  7.325000e-08  1.122420e+01  7.325000e-08  4.643526e+02 
 7.335000e-08  1.123442e+01  7.335000e-08  1.122430e+01  7.335000e-08  4.596825e+02 
 7.345000e-08  1.123442e+01  7.345000e-08  1.122440e+01  7.345000e-08  4.553815e+02 
 7.355000e-08  1.123442e+01  7.355000e-08  1.122450e+01  7.355000e-08  4.508008e+02 
 7.365000e-08  1.123442e+01  7.365000e-08  1.122459e+01  7.365000e-08  4.465881e+02 
 7.375000e-08  1.123442e+01  7.375000e-08  1.122469e+01  7.375000e-08  4.420950e+02 
 7.385000e-08  1.123442e+01  7.385000e-08  1.122478e+01  7.385000e-08  4.379688e+02 
 7.395000e-08  1.123442e+01  7.395000e-08  1.122488e+01  7.395000e-08  4.335616e+02 
 7.405000e-08  1.123442e+01  7.405000e-08  1.122497e+01  7.405000e-08  4.295202e+02 
 7.415000e-08  1.123442e+01  7.415000e-08  1.122506e+01  7.415000e-08  4.251972e+02 
 7.425000e-08  1.123442e+01  7.425000e-08  1.122515e+01  7.425000e-08  4.212388e+02 
 7.435000e-08  1.123442e+01  7.435000e-08  1.122524e+01  7.435000e-08  4.169984e+02 
 7.445000e-08  1.123442e+01  7.445000e-08  1.122533e+01  7.445000e-08  4.131215e+02 
 7.455000e-08  1.123442e+01  7.455000e-08  1.122542e+01  7.455000e-08  4.089619e+02 
 7.465000e-08  1.123442e+01  7.465000e-08  1.122551e+01  7.465000e-08  4.051649e+02 
 7.475000e-08  1.123442e+01  7.475000e-08  1.122559e+01  7.475000e-08  4.010846e+02 
 7.485000e-08  1.123442e+01  7.485000e-08  1.122568e+01  7.485000e-08  3.973658e+02 
 7.495000e-08  1.123442e+01  7.495000e-08  1.122576e+01  7.495000e-08  3.933633e+02 
 7.505000e-08  1.123442e+01  7.505000e-08  1.122585e+01  7.505000e-08  3.897212e+02 
 7.515000e-08  1.123442e+01  7.515000e-08  1.122593e+01  7.515000e-08  3.857949e+02 
 7.525000e-08  1.123442e+01  7.525000e-08  1.122601e+01  7.525000e-08  3.822280e+02 
 7.535000e-08  1.123442e+01  7.535000e-08  1.122609e+01  7.535000e-08  3.783763e+02 
 7.545000e-08  1.123442e+01  7.545000e-08  1.122617e+01  7.545000e-08  3.748831e+02 
 7.555000e-08  1.123442e+01  7.555000e-08  1.122625e+01  7.555000e-08  3.711047e+02 
 7.565000e-08  1.123442e+01  7.565000e-08  1.122633e+01  7.565000e-08  3.676837e+02 
 7.575000e-08  1.123442e+01  7.575000e-08  1.122641e+01  7.575000e-08  3.639770e+02 
 7.585000e-08  1.123442e+01  7.585000e-08  1.122649e+01  7.585000e-08  3.606268e+02 
 7.595000e-08  1.123442e+01  7.595000e-08  1.122657e+01  7.595000e-08  3.569905e+02 
 7.605000e-08  1.123442e+01  7.605000e-08  1.122664e+01  7.605000e-08  3.537097e+02 
 7.615000e-08  1.123442e+01  7.615000e-08  1.122672e+01  7.615000e-08  3.501423e+02 
 7.625000e-08  1.123442e+01  7.625000e-08  1.122679e+01  7.625000e-08  3.469296e+02 
 7.635000e-08  1.123442e+01  7.635000e-08  1.122686e+01  7.635000e-08  3.434298e+02 
 7.645000e-08  1.123442e+01  7.645000e-08  1.122694e+01  7.645000e-08  3.402837e+02 
 7.655000e-08  1.123442e+01  7.655000e-08  1.122701e+01  7.655000e-08  3.368501e+02 
 7.665000e-08  1.123442e+01  7.665000e-08  1.122708e+01  7.665000e-08  3.337694e+02 
 7.675000e-08  1.123442e+01  7.675000e-08  1.122715e+01  7.675000e-08  3.304008e+02 
 7.685000e-08  1.123442e+01  7.685000e-08  1.122722e+01  7.685000e-08  3.273841e+02 
 7.695000e-08  1.123442e+01  7.695000e-08  1.122729e+01  7.695000e-08  3.240792e+02 
 7.705000e-08  1.123442e+01  7.705000e-08  1.122736e+01  7.705000e-08  3.211252e+02 
 7.715000e-08  1.123442e+01  7.715000e-08  1.122743e+01  7.715000e-08  3.178827e+02 
 7.725000e-08  1.123442e+01  7.725000e-08  1.122750e+01  7.725000e-08  3.149903e+02 
 7.735000e-08  1.123442e+01  7.735000e-08  1.122756e+01  7.735000e-08  3.118090e+02 
 7.745000e-08  1.123442e+01  7.745000e-08  1.122763e+01  7.745000e-08  3.089769e+02 
 7.755000e-08  1.123442e+01  7.755000e-08  1.122769e+01  7.755000e-08  3.058555e+02 
 7.765000e-08  1.123442e+01  7.765000e-08  1.122776e+01  7.765000e-08  3.030825e+02 
 7.775000e-08  1.123442e+01  7.775000e-08  1.122782e+01  7.775000e-08  3.000199e+02 
 7.785000e-08  1.123442e+01  7.785000e-08  1.122789e+01  7.785000e-08  2.973049e+02 
 7.795000e-08  1.123442e+01  7.795000e-08  1.122795e+01  7.795000e-08  2.942999e+02 
 7.805000e-08  1.123442e+01  7.805000e-08  1.122801e+01  7.805000e-08  2.916416e+02 
 7.815000e-08  1.123442e+01  7.815000e-08  1.122807e+01  7.815000e-08  2.886931e+02 
 7.825000e-08  1.123442e+01  7.825000e-08  1.122813e+01  7.825000e-08  2.860905e+02 
 7.835000e-08  1.123443e+01  7.835000e-08  1.122819e+01  7.835000e-08  2.831974e+02 
 7.845000e-08  1.123443e+01  7.845000e-08  1.122825e+01  7.845000e-08  2.806494e+02 
 7.855000e-08  1.123443e+01  7.855000e-08  1.122831e+01  7.855000e-08  2.778105e+02 
 7.865000e-08  1.123443e+01  7.865000e-08  1.122837e+01  7.865000e-08  2.753159e+02 
 7.875000e-08  1.123443e+01  7.875000e-08  1.122843e+01  7.875000e-08  2.725303e+02 
 7.885000e-08  1.123443e+01  7.885000e-08  1.122849e+01  7.885000e-08  2.700881e+02 
 7.895000e-08  1.123443e+01  7.895000e-08  1.122854e+01  7.895000e-08  2.673546e+02 
 7.905000e-08  1.123443e+01  7.905000e-08  1.122860e+01  7.905000e-08  2.649638e+02 
 7.915000e-08  1.123443e+01  7.915000e-08  1.122865e+01  7.915000e-08  2.622814e+02 
 7.925000e-08  1.123443e+01  7.925000e-08  1.122871e+01  7.925000e-08  2.599410e+02 
 7.935000e-08  1.123443e+01  7.935000e-08  1.122876e+01  7.935000e-08  2.573087e+02 
 7.945000e-08  1.123443e+01  7.945000e-08  1.122882e+01  7.945000e-08  2.550176e+02 
 7.955000e-08  1.123443e+01  7.955000e-08  1.122887e+01  7.955000e-08  2.524344e+02 
 7.965000e-08  1.123443e+01  7.965000e-08  1.122892e+01  7.965000e-08  2.501917e+02 
 7.975000e-08  1.123443e+01  7.975000e-08  1.122898e+01  7.975000e-08  2.476567e+02 
 7.985000e-08  1.123443e+01  7.985000e-08  1.122903e+01  7.985000e-08  2.454614e+02 
 7.995000e-08  1.123443e+01  7.995000e-08  1.122908e+01  7.995000e-08  2.429736e+02 
 8.005000e-08  1.123443e+01  8.005000e-08  1.122913e+01  8.005000e-08  2.408248e+02 
 8.015000e-08  1.123443e+01  8.015000e-08  1.122918e+01  8.015000e-08  2.383832e+02 
 8.025000e-08  1.123443e+01  8.025000e-08  1.122923e+01  8.025000e-08  2.362799e+02 
 8.035000e-08  1.123443e+01  8.035000e-08  1.122928e+01  8.035000e-08  2.338837e+02 
 8.045000e-08  1.123443e+01  8.045000e-08  1.122933e+01  8.045000e-08  2.318251e+02 
 8.055000e-08  1.123443e+01  8.055000e-08  1.122938e+01  8.055000e-08  2.294733e+02 
 8.065000e-08  1.123443e+01  8.065000e-08  1.122943e+01  8.065000e-08  2.274585e+02 
 8.075000e-08  1.123443e+01  8.075000e-08  1.122947e+01  8.075000e-08  2.251503e+02 
 8.085000e-08  1.123443e+01  8.085000e-08  1.122952e+01  8.085000e-08  2.231783e+02 
 8.095000e-08  1.123443e+01  8.095000e-08  1.122957e+01  8.095000e-08  2.209128e+02 
 8.105000e-08  1.123443e+01  8.105000e-08  1.122961e+01  8.105000e-08  2.189829e+02 
 8.115000e-08  1.123443e+01  8.115000e-08  1.122966e+01  8.115000e-08  2.167593e+02 
 8.125000e-08  1.123443e+01  8.125000e-08  1.122970e+01  8.125000e-08  2.148706e+02 
 8.135000e-08  1.123443e+01  8.135000e-08  1.122975e+01  8.135000e-08  2.126880e+02 
 8.145000e-08  1.123443e+01  8.145000e-08  1.122979e+01  8.145000e-08  2.108397e+02 
 8.155000e-08  1.123443e+01  8.155000e-08  1.122984e+01  8.155000e-08  2.086973e+02 
 8.165000e-08  1.123443e+01  8.165000e-08  1.122988e+01  8.165000e-08  2.068886e+02 
 8.175000e-08  1.123443e+01  8.175000e-08  1.122992e+01  8.175000e-08  2.047857e+02 
 8.185000e-08  1.123443e+01  8.185000e-08  1.122997e+01  8.185000e-08  2.030158e+02 
 8.195000e-08  1.123443e+01  8.195000e-08  1.123001e+01  8.195000e-08  2.009515e+02 
 8.205000e-08  1.123443e+01  8.205000e-08  1.123005e+01  8.205000e-08  1.992196e+02 
 8.215000e-08  1.123443e+01  8.215000e-08  1.123009e+01  8.215000e-08  1.971933e+02 
 8.225000e-08  1.123443e+01  8.225000e-08  1.123013e+01  8.225000e-08  1.954986e+02 
 8.235000e-08  1.123443e+01  8.235000e-08  1.123017e+01  8.235000e-08  1.935094e+02 
 8.245000e-08  1.123443e+01  8.245000e-08  1.123021e+01  8.245000e-08  1.918513e+02 
 8.255000e-08  1.123443e+01  8.255000e-08  1.123025e+01  8.255000e-08  1.898985e+02 
 8.265000e-08  1.123443e+01  8.265000e-08  1.123029e+01  8.265000e-08  1.882762e+02 
 8.275000e-08  1.123443e+01  8.275000e-08  1.123033e+01  8.275000e-08  1.863592e+02 
 8.285000e-08  1.123443e+01  8.285000e-08  1.123037e+01  8.285000e-08  1.847719e+02 
 8.295000e-08  1.123443e+01  8.295000e-08  1.123041e+01  8.295000e-08  1.828899e+02 
 8.305000e-08  1.123443e+01  8.305000e-08  1.123045e+01  8.305000e-08  1.813370e+02 
 8.315000e-08  1.123443e+01  8.315000e-08  1.123048e+01  8.315000e-08  1.794893e+02 
 8.325000e-08  1.123443e+01  8.325000e-08  1.123052e+01  8.325000e-08  1.779702e+02 
 8.335000e-08  1.123443e+01  8.335000e-08  1.123056e+01  8.335000e-08  1.761560e+02 
 8.345000e-08  1.123443e+01  8.345000e-08  1.123059e+01  8.345000e-08  1.746700e+02 
 8.355000e-08  1.123443e+01  8.355000e-08  1.123063e+01  8.355000e-08  1.728888e+02 
 8.365000e-08  1.123443e+01  8.365000e-08  1.123066e+01  8.365000e-08  1.714351e+02 
 8.375000e-08  1.123443e+01  8.375000e-08  1.123070e+01  8.375000e-08  1.696862e+02 
 8.385000e-08  1.123443e+01  8.385000e-08  1.123073e+01  8.385000e-08  1.682643e+02 
 8.395000e-08  1.123443e+01  8.395000e-08  1.123077e+01  8.395000e-08  1.665471e+02 
 8.405000e-08  1.123443e+01  8.405000e-08  1.123080e+01  8.405000e-08  1.651563e+02 
 8.415000e-08  1.123443e+01  8.415000e-08  1.123084e+01  8.415000e-08  1.634701e+02 
 8.425000e-08  1.123444e+01  8.425000e-08  1.123087e+01  8.425000e-08  1.621098e+02 
 8.435000e-08  1.123444e+01  8.435000e-08  1.123090e+01  8.435000e-08  1.604541e+02 
 8.445000e-08  1.123444e+01  8.445000e-08  1.123094e+01  8.445000e-08  1.591236e+02 
 8.455000e-08  1.123444e+01  8.455000e-08  1.123097e+01  8.455000e-08  1.574978e+02 
 8.465000e-08  1.123444e+01  8.465000e-08  1.123100e+01  8.465000e-08  1.561966e+02 
 8.475000e-08  1.123444e+01  8.475000e-08  1.123103e+01  8.475000e-08  1.546000e+02 
 8.485000e-08  1.123444e+01  8.485000e-08  1.123106e+01  8.485000e-08  1.533276e+02 
 8.495000e-08  1.123444e+01  8.495000e-08  1.123110e+01  8.495000e-08  1.517596e+02 
 8.505000e-08  1.123444e+01  8.505000e-08  1.123113e+01  8.505000e-08  1.505153e+02 
 8.515000e-08  1.123444e+01  8.515000e-08  1.123116e+01  8.515000e-08  1.489754e+02 
 8.525000e-08  1.123444e+01  8.525000e-08  1.123119e+01  8.525000e-08  1.477587e+02 
 8.535000e-08  1.123444e+01  8.535000e-08  1.123122e+01  8.535000e-08  1.462464e+02 
 8.545000e-08  1.123444e+01  8.545000e-08  1.123125e+01  8.545000e-08  1.450568e+02 
 8.555000e-08  1.123444e+01  8.555000e-08  1.123128e+01  8.555000e-08  1.435715e+02 
 8.565000e-08  1.123444e+01  8.565000e-08  1.123131e+01  8.565000e-08  1.424083e+02 
 8.575000e-08  1.123444e+01  8.575000e-08  1.123134e+01  8.575000e-08  1.409495e+02 
 8.585000e-08  1.123444e+01  8.585000e-08  1.123136e+01  8.585000e-08  1.398123e+02 
 8.595000e-08  1.123444e+01  8.595000e-08  1.123139e+01  8.595000e-08  1.383794e+02 
 8.605000e-08  1.123444e+01  8.605000e-08  1.123142e+01  8.605000e-08  1.372676e+02 
 8.615000e-08  1.123444e+01  8.615000e-08  1.123145e+01  8.615000e-08  1.358602e+02 
 8.625000e-08  1.123444e+01  8.625000e-08  1.123148e+01  8.625000e-08  1.347734e+02 
 8.635000e-08  1.123444e+01  8.635000e-08  1.123150e+01  8.635000e-08  1.333909e+02 
 8.645000e-08  1.123444e+01  8.645000e-08  1.123153e+01  8.645000e-08  1.323285e+02 
 8.655000e-08  1.123444e+01  8.655000e-08  1.123156e+01  8.655000e-08  1.309705e+02 
 8.665000e-08  1.123444e+01  8.665000e-08  1.123158e+01  8.665000e-08  1.299321e+02 
 8.675000e-08  1.123444e+01  8.675000e-08  1.123161e+01  8.675000e-08  1.285980e+02 
 8.685000e-08  1.123444e+01  8.685000e-08  1.123163e+01  8.685000e-08  1.275831e+02 
 8.695000e-08  1.123444e+01  8.695000e-08  1.123166e+01  8.695000e-08  1.262725e+02 
 8.705000e-08  1.123444e+01  8.705000e-08  1.123169e+01  8.705000e-08  1.252806e+02 
 8.715000e-08  1.123444e+01  8.715000e-08  1.123171e+01  8.715000e-08  1.239931e+02 
 8.725000e-08  1.123444e+01  8.725000e-08  1.123174e+01  8.725000e-08  1.230238e+02 
 8.735000e-08  1.123444e+01  8.735000e-08  1.123176e+01  8.735000e-08  1.217588e+02 
 8.745000e-08  1.123444e+01  8.745000e-08  1.123178e+01  8.745000e-08  1.208116e+02 
 8.755000e-08  1.123444e+01  8.755000e-08  1.123181e+01  8.755000e-08  1.195687e+02 
 8.765000e-08  1.123444e+01  8.765000e-08  1.123183e+01  8.765000e-08  1.186432e+02 
 8.775000e-08  1.123444e+01  8.775000e-08  1.123186e+01  8.775000e-08  1.174221e+02 
 8.785000e-08  1.123444e+01  8.785000e-08  1.123188e+01  8.785000e-08  1.165177e+02 
 8.795000e-08  1.123444e+01  8.795000e-08  1.123190e+01  8.795000e-08  1.153179e+02 
 8.805000e-08  1.123444e+01  8.805000e-08  1.123193e+01  8.805000e-08  1.144344e+02 
 8.815000e-08  1.123444e+01  8.815000e-08  1.123195e+01  8.815000e-08  1.132554e+02 
 8.825000e-08  1.123444e+01  8.825000e-08  1.123197e+01  8.825000e-08  1.123923e+02 
 8.835000e-08  1.123444e+01  8.835000e-08  1.123199e+01  8.835000e-08  1.112337e+02 
 8.845000e-08  1.123444e+01  8.845000e-08  1.123202e+01  8.845000e-08  1.103906e+02 
 8.855000e-08  1.123444e+01  8.855000e-08  1.123204e+01  8.855000e-08  1.092521e+02 
 8.865000e-08  1.123444e+01  8.865000e-08  1.123206e+01  8.865000e-08  1.084286e+02 
 8.875000e-08  1.123444e+01  8.875000e-08  1.123208e+01  8.875000e-08  1.073097e+02 
 8.885000e-08  1.123444e+01  8.885000e-08  1.123210e+01  8.885000e-08  1.065054e+02 
 8.895000e-08  1.123444e+01  8.895000e-08  1.123212e+01  8.895000e-08  1.054058e+02 
 8.905000e-08  1.123444e+01  8.905000e-08  1.123214e+01  8.905000e-08  1.046203e+02 
 8.915000e-08  1.123444e+01  8.915000e-08  1.123216e+01  8.915000e-08  1.035395e+02 
 8.925000e-08  1.123444e+01  8.925000e-08  1.123218e+01  8.925000e-08  1.027725e+02 
 8.935000e-08  1.123444e+01  8.935000e-08  1.123220e+01  8.935000e-08  1.017103e+02 
 8.945000e-08  1.123444e+01  8.945000e-08  1.123222e+01  8.945000e-08  1.009613e+02 
 8.955000e-08  1.123444e+01  8.955000e-08  1.123224e+01  8.955000e-08  9.991721e+01 
 8.965000e-08  1.123444e+01  8.965000e-08  1.123226e+01  8.965000e-08  9.918597e+01 
 8.975000e-08  1.123444e+01  8.975000e-08  1.123228e+01  8.975000e-08  9.815967e+01 
 8.985000e-08  1.123444e+01  8.985000e-08  1.123230e+01  8.985000e-08  9.744580e+01 
 8.995000e-08  1.123444e+01  8.995000e-08  1.123232e+01  8.995000e-08  9.643694e+01 
 9.005000e-08  1.123445e+01  9.005000e-08  1.123234e+01  9.005000e-08  9.574009e+01 
 9.015000e-08  1.123445e+01  9.015000e-08  1.123236e+01  9.015000e-08  9.474832e+01 
 9.025000e-08  1.123445e+01  9.025000e-08  1.123238e+01  9.025000e-08  9.406815e+01 
 9.035000e-08  1.123445e+01  9.035000e-08  1.123240e+01  9.035000e-08  9.309314e+01 
 9.045000e-08  1.123445e+01  9.045000e-08  1.123241e+01  9.045000e-08  9.242932e+01 
 9.055000e-08  1.123445e+01  9.055000e-08  1.123243e+01  9.055000e-08  9.147073e+01 
 9.065000e-08  1.123445e+01  9.065000e-08  1.123245e+01  9.065000e-08  9.082294e+01 
 9.075000e-08  1.123445e+01  9.075000e-08  1.123247e+01  9.075000e-08  8.988046e+01 
 9.085000e-08  1.123445e+01  9.085000e-08  1.123248e+01  9.085000e-08  8.924837e+01 
 9.095000e-08  1.123445e+01  9.095000e-08  1.123250e+01  9.095000e-08  8.832167e+01 
 9.105000e-08  1.123445e+01  9.105000e-08  1.123252e+01  9.105000e-08  8.770497e+01 
 9.115000e-08  1.123445e+01  9.115000e-08  1.123254e+01  9.115000e-08  8.679376e+01 
 9.125000e-08  1.123445e+01  9.125000e-08  1.123255e+01  9.125000e-08  8.619214e+01 
 9.135000e-08  1.123445e+01  9.135000e-08  1.123257e+01  9.135000e-08  8.529610e+01 
 9.145000e-08  1.123445e+01  9.145000e-08  1.123259e+01  9.145000e-08  8.470926e+01 
 9.155000e-08  1.123445e+01  9.155000e-08  1.123260e+01  9.155000e-08  8.382810e+01 
 9.165000e-08  1.123445e+01  9.165000e-08  1.123262e+01  9.165000e-08  8.325575e+01 
 9.175000e-08  1.123445e+01  9.175000e-08  1.123263e+01  9.175000e-08  8.238917e+01 
 9.185000e-08  1.123445e+01  9.185000e-08  1.123265e+01  9.185000e-08  8.183102e+01 
 9.195000e-08  1.123445e+01  9.195000e-08  1.123267e+01  9.195000e-08  8.097873e+01 
 9.205000e-08  1.123445e+01  9.205000e-08  1.123268e+01  9.205000e-08  8.043449e+01 
 9.215000e-08  1.123445e+01  9.215000e-08  1.123270e+01  9.215000e-08  7.959622e+01 
 9.225000e-08  1.123445e+01  9.225000e-08  1.123271e+01  9.225000e-08  7.906562e+01 
 9.235000e-08  1.123445e+01  9.235000e-08  1.123273e+01  9.235000e-08  7.824110e+01 
 9.245000e-08  1.123445e+01  9.245000e-08  1.123274e+01  9.245000e-08  7.772386e+01 
 9.255000e-08  1.123445e+01  9.255000e-08  1.123276e+01  9.255000e-08  7.691280e+01 
 9.265000e-08  1.123445e+01  9.265000e-08  1.123277e+01  9.265000e-08  7.640867e+01 
 9.275000e-08  1.123445e+01  9.275000e-08  1.123278e+01  9.275000e-08  7.561081e+01 
 9.285000e-08  1.123445e+01  9.285000e-08  1.123280e+01  9.285000e-08  7.511951e+01 
 9.295000e-08  1.123445e+01  9.295000e-08  1.123281e+01  9.295000e-08  7.433461e+01 
 9.305000e-08  1.123445e+01  9.305000e-08  1.123283e+01  9.305000e-08  7.385588e+01 
 9.315000e-08  1.123445e+01  9.315000e-08  1.123284e+01  9.315000e-08  7.308367e+01 
 9.325000e-08  1.123445e+01  9.325000e-08  1.123285e+01  9.325000e-08  7.261728e+01 
 9.335000e-08  1.123445e+01  9.335000e-08  1.123287e+01  9.335000e-08  7.185751e+01 
 9.345000e-08  1.123445e+01  9.345000e-08  1.123288e+01  9.345000e-08  7.140320e+01 
 9.355000e-08  1.123445e+01  9.355000e-08  1.123289e+01  9.355000e-08  7.065563e+01 
 9.365000e-08  1.123445e+01  9.365000e-08  1.123291e+01  9.365000e-08  7.021316e+01 
 9.375000e-08  1.123445e+01  9.375000e-08  1.123292e+01  9.375000e-08  6.947755e+01 
 9.385000e-08  1.123445e+01  9.385000e-08  1.123293e+01  9.385000e-08  6.904668e+01 
 9.395000e-08  1.123445e+01  9.395000e-08  1.123295e+01  9.395000e-08  6.832280e+01 
 9.405000e-08  1.123445e+01  9.405000e-08  1.123296e+01  9.405000e-08  6.790330e+01 
 9.415000e-08  1.123445e+01  9.415000e-08  1.123297e+01  9.415000e-08  6.719092e+01 
 9.425000e-08  1.123445e+01  9.425000e-08  1.123298e+01  9.425000e-08  6.678257e+01 
 9.435000e-08  1.123445e+01  9.435000e-08  1.123300e+01  9.435000e-08  6.608145e+01 
 9.445000e-08  1.123445e+01  9.445000e-08  1.123301e+01  9.445000e-08  6.568402e+01 
 9.455000e-08  1.123445e+01  9.455000e-08  1.123302e+01  9.455000e-08  6.499395e+01 
 9.465000e-08  1.123445e+01  9.465000e-08  1.123303e+01  9.465000e-08  6.460722e+01 
 9.475000e-08  1.123445e+01  9.475000e-08  1.123304e+01  9.475000e-08  6.392799e+01 
 9.485000e-08  1.123445e+01  9.485000e-08  1.123306e+01  9.485000e-08  6.355175e+01 
 9.495000e-08  1.123445e+01  9.495000e-08  1.123307e+01  9.495000e-08  6.288314e+01 
 9.505000e-08  1.123445e+01  9.505000e-08  1.123308e+01  9.505000e-08  6.251718e+01 
 9.515000e-08  1.123445e+01  9.515000e-08  1.123309e+01  9.515000e-08  6.185898e+01 
 9.525000e-08  1.123445e+01  9.525000e-08  1.123310e+01  9.525000e-08  6.150309e+01 
 9.535000e-08  1.123445e+01  9.535000e-08  1.123311e+01  9.535000e-08  6.085510e+01 
 9.545000e-08  1.123445e+01  9.545000e-08  1.123312e+01  9.545000e-08  6.050908e+01 
 9.555000e-08  1.123445e+01  9.555000e-08  1.123314e+01  9.555000e-08  5.987110e+01 
 9.565000e-08  1.123445e+01  9.565000e-08  1.123315e+01  9.565000e-08  5.953475e+01 
 9.575000e-08  1.123445e+01  9.575000e-08  1.123316e+01  9.575000e-08  5.890658e+01 
 9.585000e-08  1.123445e+01  9.585000e-08  1.123317e+01  9.585000e-08  5.857972e+01 
 9.595000e-08  1.123446e+01  9.595000e-08  1.123318e+01  9.595000e-08  5.796117e+01 
 9.605000e-08  1.123446e+01  9.605000e-08  1.123319e+01  9.605000e-08  5.764359e+01 
 9.615000e-08  1.123446e+01  9.615000e-08  1.123320e+01  9.615000e-08  5.703448e+01 
 9.625000e-08  1.123446e+01  9.625000e-08  1.123321e+01  9.625000e-08  5.672601e+01 
 9.635000e-08  1.123446e+01  9.635000e-08  1.123322e+01  9.635000e-08  5.612614e+01 
 9.645000e-08  1.123446e+01  9.645000e-08  1.123323e+01  9.645000e-08  5.582659e+01 
 9.655000e-08  1.123446e+01  9.655000e-08  1.123324e+01  9.655000e-08  5.523579e+01 
 9.665000e-08  1.123446e+01  9.665000e-08  1.123325e+01  9.665000e-08  5.494498e+01 
 9.675000e-08  1.123446e+01  9.675000e-08  1.123326e+01  9.675000e-08  5.436307e+01 
 9.685000e-08  1.123446e+01  9.685000e-08  1.123327e+01  9.685000e-08  5.408082e+01 
 9.695000e-08  1.123446e+01  9.695000e-08  1.123328e+01  9.695000e-08  5.350763e+01 
 9.705000e-08  1.123446e+01  9.705000e-08  1.123329e+01  9.705000e-08  5.323378e+01 
 9.715000e-08  1.123446e+01  9.715000e-08  1.123330e+01  9.715000e-08  5.266913e+01 
 9.725000e-08  1.123446e+01  9.725000e-08  1.123331e+01  9.725000e-08  5.240351e+01 
 9.735000e-08  1.123446e+01  9.735000e-08  1.123332e+01  9.735000e-08  5.184724e+01 
 9.745000e-08  1.123446e+01  9.745000e-08  1.123332e+01  9.745000e-08  5.158968e+01 
 9.755000e-08  1.123446e+01  9.755000e-08  1.123333e+01  9.755000e-08  5.104163e+01 
 9.765000e-08  1.123446e+01  9.765000e-08  1.123334e+01  9.765000e-08  5.079196e+01 
 9.775000e-08  1.123446e+01  9.775000e-08  1.123335e+01  9.775000e-08  5.025196e+01 
 9.785000e-08  1.123446e+01  9.785000e-08  1.123336e+01  9.785000e-08  5.001004e+01 
 9.795000e-08  1.123446e+01  9.795000e-08  1.123337e+01  9.795000e-08  4.947794e+01 
 9.805000e-08  1.123446e+01  9.805000e-08  1.123338e+01  9.805000e-08  4.924360e+01 
 9.815000e-08  1.123446e+01  9.815000e-08  1.123339e+01  9.815000e-08  4.871924e+01 
 9.825000e-08  1.123446e+01  9.825000e-08  1.123339e+01  9.825000e-08  4.849234e+01 
 9.835000e-08  1.123446e+01  9.835000e-08  1.123340e+01  9.835000e-08  4.797557e+01 
 9.845000e-08  1.123446e+01  9.845000e-08  1.123341e+01  9.845000e-08  4.775595e+01 
 9.855000e-08  1.123446e+01  9.855000e-08  1.123342e+01  9.855000e-08  4.724663e+01 
 9.865000e-08  1.123446e+01  9.865000e-08  1.123343e+01  9.865000e-08  4.703414e+01 
 9.875000e-08  1.123446e+01  9.875000e-08  1.123343e+01  9.875000e-08  4.653212e+01 
 9.885000e-08  1.123446e+01  9.885000e-08  1.123344e+01  9.885000e-08  4.632663e+01 
 9.895000e-08  1.123446e+01  9.895000e-08  1.123345e+01  9.895000e-08  4.583176e+01 
 9.905000e-08  1.123446e+01  9.905000e-08  1.123346e+01  9.905000e-08  4.563312e+01 
 9.915000e-08  1.123446e+01  9.915000e-08  1.123347e+01  9.915000e-08  4.514528e+01 
 9.925000e-08  1.123446e+01  9.925000e-08  1.123347e+01  9.925000e-08  4.495335e+01 
 9.935000e-08  1.123446e+01  9.935000e-08  1.123348e+01  9.935000e-08  4.447238e+01 
 9.945000e-08  1.123446e+01  9.945000e-08  1.123349e+01  9.945000e-08  4.428703e+01 
 9.955000e-08  1.123446e+01  9.955000e-08  1.123350e+01  9.955000e-08  4.381281e+01 
 9.965000e-08  1.123446e+01  9.965000e-08  1.123350e+01  9.965000e-08  4.363391e+01 
 9.975000e-08  1.123446e+01  9.975000e-08  1.123351e+01  9.975000e-08  4.316631e+01 
 9.985000e-08  1.123446e+01  9.985000e-08  1.123352e+01  9.985000e-08  4.299372e+01 
 9.995000e-08  1.123446e+01  9.995000e-08  1.123352e+01  9.995000e-08  4.253260e+01 
 1.000000e-07  1.123446e+01  1.000000e-07  1.123353e+01  1.000000e-07  4.252187e+01 
